,0,1,2
0,0.8171595391364845,4.715206840469784,1.0
1,0.7585024375129588,4.098632082573934,1.0
2,0.8488905950056286,4.79136304016695,1.0
3,0.940841430585505,4.429795645858527,1.0
4,0.9475144035460046,4.419952835611957,1.0
5,0.8829931003800102,3.8985126906923027,1.0
6,0.894691256500415,4.132964540543818,1.0
7,0.864998663224245,4.474521018158688,1.0
8,0.9270361890175928,4.288374832849599,1.0
9,0.8160723146444749,4.185156355425743,1.0
10,0.9509536524976832,4.7354716690272936,1.0
11,0.808458868119775,4.54798322828308,1.0
12,0.8674336949441941,4.178579393494202,1.0
13,0.8615851116959626,4.578191628307997,1.0
14,0.8077097272332028,4.3428436022437955,1.0
15,0.6969719254945097,5.172951257476669,1.0
16,0.7710796600689359,4.280488412273427,1.0
17,0.846127621028344,4.242569739138773,1.0
18,0.8528050264954301,4.091196621776637,1.0
19,0.8063303288242607,4.616954640962358,1.0
20,0.8774769043829258,4.7937100017463425,1.0
21,0.8844376029519238,4.314573117362986,1.0
22,0.8497367929201414,4.4028026212806095,1.0
23,1.0264361655144478,4.153075186480765,1.0
24,0.7727642742335863,4.795673848066936,1.0
25,0.9002602774763476,4.386673925411177,1.0
26,0.7547113244803667,3.790365698592395,1.0
27,0.8645705117745118,4.614939292395311,1.0
28,0.9392383219795334,4.590607022246244,1.0
29,0.9421940866290559,4.518958355190552,1.0
30,0.685177382821979,4.429032309534821,1.0
31,0.8681929630192234,4.240784883270753,1.0
32,0.8613260678882946,4.287203900909928,1.0
33,0.7776488669436836,4.316830868786102,1.0
34,0.84649123417376,4.08126390868364,1.0
35,0.9039138474884114,4.751935687610439,1.0
36,0.8166631803342596,4.258859283958822,1.0
37,0.9236589565164791,4.730031241797544,1.0
38,0.9061860886111524,4.192303378017546,1.0
39,0.8225977429082972,4.421777862442248,1.0
40,0.8521959983219453,4.19361852903316,1.0
41,0.7872626891176948,4.386198278082764,1.0
42,0.8663853100635021,4.064442982157858,1.0
43,0.8034328323774838,4.177655211877063,1.0
44,0.7683939342563669,4.448826465714488,1.0
45,0.816426118040949,3.9121032487985974,1.0
46,0.8814056300679989,4.9306363593685605,1.0
47,0.9348513318966827,5.059922258637771,1.0
48,0.8964638278447601,4.405586831790939,1.0
49,0.8698751418539593,4.180905738080715,1.0
50,0.9259510281759579,3.470446078881685,2.0
51,0.9770211051639113,4.577796216947405,2.0
52,0.9241829470168769,4.349139028626231,2.0
53,1.0273898353318127,3.5920516802196203,2.0
54,0.990447067229773,4.3301765679587,2.0
55,0.8857642151634291,4.310790671207633,2.0
56,0.9617919629908852,4.017890474398926,2.0
57,0.9613256744454245,4.145167573692295,2.0
58,0.9117059686075069,4.42962180689438,2.0
59,0.8694255170391937,4.555389863439745,2.0
60,0.8885043344515539,4.287191388950477,2.0
61,0.97942513416496,4.813153409160381,2.0
62,0.9258321417395882,4.105629973710577,2.0
63,0.7830694658841054,3.9298895673982934,2.0
64,0.8283181734975748,4.3385088825419205,2.0
65,0.8717662288499874,4.4241600094486335,2.0
66,0.960339962232389,4.122380339583142,2.0
67,0.8964970858641631,4.6318490389043765,2.0
68,0.8696240846670193,3.883361882075732,2.0
69,0.8616582218611946,3.792541695722904,2.0
70,0.865875421348077,3.7820703174530155,2.0
71,0.9343531033902839,4.477236044543172,2.0
72,0.907367640500268,4.577969977582637,2.0
73,1.0212325714082435,3.9191499500428724,2.0
74,0.8232473325726677,4.4761569249646955,2.0
75,0.8939127741328765,4.386633760321753,2.0
76,0.996789553755372,4.463837654470592,2.0
77,0.9556341950505243,3.59334812094864,2.0
78,0.9696429081300569,3.792102793199793,2.0
79,0.763615915123741,4.378219517129026,2.0
80,0.9171331532957434,3.8486312249902825,2.0
81,0.9265283418386918,3.8341171770168354,2.0
82,1.0097513033164518,4.303114736683231,2.0
83,0.9639156840921163,4.4005176726832715,2.0
84,0.8324136677829754,4.479800315564943,2.0
85,0.9547021580967496,4.131312315062158,2.0
86,0.9632562082667191,3.80374148030227,2.0
87,0.9718416411641938,3.594748506794207,2.0
88,0.8341523582390438,4.611706345766933,2.0
89,0.9007453691159842,4.7392317799605195,2.0
90,0.8738755053047987,4.600291723572835,2.0
91,0.8823193699511175,4.025224417292045,2.0
92,0.8898535255983584,3.949400395910577,2.0
93,0.8134354599421829,3.972151285531639,2.0
94,0.8281309448120532,4.575710866528384,2.0
95,0.959123916476642,4.8262610847367675,2.0
96,0.8637312989234998,4.162340241669369,2.0
97,0.9975643881071712,4.012457626116005,2.0
98,0.8823000841184323,4.258869878765232,2.0
99,0.9643989592727594,3.970618071302216,2.0
100,1.214117927096217,3.834981719808065,3.0
101,1.0965050952858673,4.056155053633968,3.0
102,1.217422641482237,4.111897708441203,3.0
103,1.2689904972906356,3.976458112699009,3.0
104,1.0373574723944121,3.5754967895626812,3.0
105,1.0377700762996387,3.594295450268118,3.0
106,1.0801964206511345,4.016661629604834,3.0
107,1.1149368308133243,4.133341484390054,3.0
108,1.0841368856365745,3.7020317479404974,3.0
109,1.1396411676186156,4.421381723645472,3.0
110,1.1092172233392301,3.845743386803816,3.0
111,1.0888038307319106,3.8818580944921246,3.0
112,1.0352102280235358,4.069840644861966,3.0
113,0.9294491535688365,3.7809448468430054,3.0
114,1.0460767927898773,4.08847552788091,3.0
115,1.125331103603326,3.8643868681662825,3.0
116,0.947486254404817,4.001363524492738,3.0
117,1.1745363287007027,3.8328259763727135,3.0
118,1.0296764865357313,3.92076476654442,3.0
119,1.257964850845963,4.06485313297175,3.0
120,1.0280593916039158,3.7315886366360957,3.0
121,1.0957391733551545,3.766350788273593,3.0
122,1.2682076441245034,3.738497489443959,3.0
123,1.1431446673799446,3.4653481453865393,3.0
124,1.0416586515770518,3.929321794113105,3.0
125,1.252287287254871,3.3427702644985837,3.0
126,1.2761031850908353,4.2844995547952625,3.0
127,1.2412149136642907,3.749545074220314,3.0
128,1.1512899842110098,3.9231744829458273,3.0
129,1.1300550207964395,3.701583470811109,3.0
130,1.215364710594615,4.205262823212808,3.0
131,1.089547954657297,4.449612634402323,3.0
132,1.0494927187059666,3.7344942825571192,3.0
133,0.965610485128386,3.810028831295645,3.0
134,1.1053299675943118,4.118582129992532,3.0
135,0.901142045532726,3.7521711471404893,3.0
136,1.229891097540778,3.4126756467129087,3.0
137,1.0174682613221604,4.612622972217664,3.0
138,0.9843516574489934,3.426479689568401,3.0
139,1.0723408246507464,4.165719968799054,3.0
140,0.9349592042651759,4.167454941651933,3.0
141,1.0712855185290153,3.837230857012778,3.0
142,0.9540940498735997,4.08020893242901,3.0
143,1.1338769733548892,3.7509213962315515,3.0
144,1.1399813457787193,3.6653212021433244,3.0
145,1.0905434258722266,4.05082787924414,3.0
146,0.9587958770852638,3.7666452970429907,3.0
147,1.0497020124461003,4.299563010248487,3.0
148,1.1539177546297101,3.9267329017034642,3.0
149,1.209069876032784,3.9601023970992113,3.0
150,2.1281159140265764,2.155410358283324,4.0
151,2.07334688117292,2.192373571940347,4.0
152,2.045682789141055,2.049064095698845,4.0
153,2.199941644292631,1.9455502141251202,4.0
154,2.4539731968083007,2.008776054979676,4.0
155,1.9874722622481433,1.9339257292723693,4.0
156,2.3906896901305834,2.154228513826442,4.0
157,2.2851734337004657,2.2335470952651857,4.0
158,2.0961630719973057,1.9082785709466752,4.0
159,1.9770285829452905,2.2245760700651633,4.0
160,2.139474507969931,1.9303538134166238,4.0
161,2.2034734462374397,2.1279992730506305,4.0
162,2.011657689722588,2.1570451877048877,4.0
163,2.0702913751845484,2.04935738013935,4.0
164,2.3013185136571788,2.102735696264859,4.0
165,2.0104644282521527,2.1536348432688004,4.0
166,2.163061161673116,2.238484588199752,4.0
167,1.9451431656524798,2.122958140443857,4.0
168,1.876847380136941,1.9433919283929573,4.0
169,2.116924216153639,2.0653269083364796,4.0
170,2.363989870897196,2.0536632147814906,4.0
171,2.501214761789729,2.1254737845246314,4.0
172,2.2977234957734565,2.2553025072827104,4.0
173,2.0311657791276305,2.365344032744354,4.0
174,2.2990114689376124,2.108217480479101,4.0
175,2.2943692094858372,2.1786001252609557,4.0
176,2.0412875481197963,2.1820445168315654,4.0
177,2.3929813494549648,2.2250333935955116,4.0
178,2.164328402992357,2.180037076286417,4.0
179,2.1239971450012436,2.2209699944814134,4.0
180,1.9256892626310913,2.143487434700056,4.0
181,2.2549012205908703,2.0799621914960924,4.0
182,2.340269871530016,2.048888307953894,4.0
183,2.2211852237152536,2.4971065319168577,4.0
184,2.374497671816683,2.0965868407019137,4.0
185,2.286587642097068,2.3775129180607917,4.0
186,2.0989724049728316,2.1687073120694453,4.0
187,2.446297282553643,2.1999864082543374,4.0
188,2.010055674734861,1.942684627131587,4.0
189,2.240937435267014,2.1625456017692346,4.0
190,2.1338624134329325,2.027697718210473,4.0
191,2.0134331542793023,2.0648779172111924,4.0
192,2.595454126383857,2.141688029620167,4.0
193,2.3174545556018336,2.0414973286822806,4.0
194,1.952980563672544,2.143222592116562,4.0
195,2.1319686925289973,2.046836284546857,4.0
196,2.3357982705779072,2.053417402618347,4.0
197,2.1574814000592566,2.260088149892022,4.0
198,2.2870458595283565,2.1397164157086426,4.0
199,2.1634319018800467,1.8087333684411855,4.0
200,0.43295262274200896,4.094321226560869,5.0
201,0.35901181302897717,4.511967442799183,5.0
202,0.41428706686024014,4.608918406628915,5.0
203,0.4122610673584966,4.214466760882394,5.0
204,0.4267430432985791,4.037406737075016,5.0
205,0.4555184058811654,4.5707674861990855,5.0
206,0.43520573211956554,4.705214710534597,5.0
207,0.4030456307556482,4.189348736331131,5.0
208,0.3330141683538129,4.748027004720512,5.0
209,0.4169243068091009,4.267481266830736,5.0
210,0.4063255664508887,4.503984765613118,5.0
211,0.41212938386988035,4.471085041457617,5.0
212,0.4131800159901548,4.540800021603261,5.0
213,0.34762272880280637,4.128759953860056,5.0
214,0.41447957968335364,4.256132928468937,5.0
215,0.45787214807210624,4.192330987987848,5.0
216,0.4234254664924536,4.075936455707643,5.0
217,0.48603769669692565,4.427921145034896,5.0
218,0.4093356029753808,4.679798232792942,5.0
219,0.4365310787167695,4.22326973955284,5.0
220,0.4397599931719846,3.9081830931322936,5.0
221,0.39821648185719477,3.848077137096439,5.0
222,0.3874794481530325,4.104020164029393,5.0
223,0.4578829023343744,4.27270673122449,5.0
224,0.43142306988328205,4.261694638400442,5.0
225,0.3962370071512023,3.5599802136210723,5.0
226,0.42016995672584934,4.2946265237130365,5.0
227,0.3911994265552787,4.195866784978205,5.0
228,0.3592089435553733,4.2240431648329375,5.0
229,0.4506010972123575,3.8239325235445145,5.0
230,0.4251439870247341,4.198266922700888,5.0
231,0.39191514148240814,4.485265109960645,5.0
232,0.44110462896856245,4.350831541425393,5.0
233,0.42220627677164546,4.2399053212867885,5.0
234,0.44559626920045164,4.351660420475156,5.0
235,0.45658634606958903,3.7915191893471296,5.0
236,0.35996842369792625,4.190909395281477,5.0
237,0.32910533703688616,4.6713163164933675,5.0
238,0.3642904756656602,4.194032208291756,5.0
239,0.4245943103148028,3.8597707214812322,5.0
240,0.4346775924364747,3.965987246641347,5.0
241,0.35057992649413383,4.0204930794386495,5.0
242,0.3998048262379265,4.452547494916781,5.0
243,0.4337628491196245,4.406565488607478,5.0
244,0.4482156307880255,3.7953861798547037,5.0
245,0.3781246009838588,4.587230866595218,5.0
246,0.45018961704106436,4.713447721583797,5.0
247,0.41134558252577347,3.9820040012877835,5.0
248,0.39769112545531177,4.45470446883426,5.0
249,0.4119350727179256,4.467487175222065,5.0
250,0.7045820698723406,4.583196068748144,6.0
251,0.7401357996096891,4.610792886246757,6.0
252,0.7794268423017213,3.542906391439832,6.0
253,0.7303156648230409,4.003732154407679,6.0
254,0.7847033239168748,3.9784653069307447,6.0
255,0.8218307272804203,4.085599015990598,6.0
256,0.8397589400538553,4.271821482167869,6.0
257,0.718795390858607,4.164805692579769,6.0
258,0.7493707781763828,4.231985349458407,6.0
259,0.6871459585766893,4.439804598531077,6.0
260,0.8591317146592626,4.862190325614204,6.0
261,0.8315414126281783,4.135245712529804,6.0
262,0.805928309784921,4.089847971057321,6.0
263,0.7588060281235545,4.024773818040353,6.0
264,0.8839426108259736,4.143018068677094,6.0
265,0.8425445834298344,4.291123807347096,6.0
266,0.8907775705498963,3.634547818525096,6.0
267,0.8256840991516481,3.9101652160879663,6.0
268,0.8020345083352496,3.985487874780439,6.0
269,0.9111811406502565,4.143345562432143,6.0
270,0.9412220752338583,4.312885516753331,6.0
271,0.9306244298251212,3.7751269701651635,6.0
272,0.9608425925754273,3.675958824593935,6.0
273,0.9708065362372019,3.7469492205688266,6.0
274,0.8758755486038805,4.023811634406381,6.0
275,0.7882365449179894,4.03502721516641,6.0
276,0.8191310307901107,4.324910254290537,6.0
277,0.8819509061552846,3.9948839595895382,6.0
278,0.9689856993489301,4.249317963501383,6.0
279,0.8165500167293727,4.027226203931124,6.0
280,0.8696853058752336,3.9081442015579166,6.0
281,0.8835582661941515,3.9642039982781494,6.0
282,0.7739875570058895,3.707463283216896,6.0
283,0.7858552412098357,4.243280332390905,6.0
284,0.8354672242502238,3.9881747934814022,6.0
285,0.6830982289792126,4.073283846890246,6.0
286,0.8485980083476773,4.273479205110886,6.0
287,0.8381975096336288,4.0761196664773705,6.0
288,0.7847349278437871,4.391432954369053,6.0
289,0.816112558138443,4.0475288338245115,6.0
290,0.8795166608302534,3.9145627330960373,6.0
291,0.7872171934228511,3.7132989209713845,6.0
292,0.9266182001770065,3.662395426580916,6.0
293,0.7754541672442059,3.652898105318289,6.0
294,0.8159815348845547,3.7770025339851383,6.0
295,0.8779759397824313,3.761396751268726,6.0
296,0.9719214430670899,3.9148956554187455,6.0
297,0.8916811116867753,4.321424731760055,6.0
298,0.7940876555015146,3.957029384726039,6.0
299,0.7841710254542392,4.288304685977634,6.0
300,1.6310187703143122,3.816253072825276,7.0
301,1.7644280107988348,3.6686035996540234,7.0
302,1.791777665145437,4.236099303784601,7.0
303,1.8188035912151144,3.5495200030349796,7.0
304,1.6946842700845524,4.035008770460867,7.0
305,1.8040202459754429,4.067888030749641,7.0
306,1.8257066851325563,3.915992726437392,7.0
307,1.507374965060605,4.260059196013015,7.0
308,1.7094592508764903,3.931545492423368,7.0
309,1.5797535725867715,3.64568155056371,7.0
310,1.6662587812986298,3.9797782180576085,7.0
311,1.812473751924128,3.977876569784966,7.0
312,1.811944076865858,3.558710869329816,7.0
313,1.6974807708972646,3.5175648933587724,7.0
314,1.8703367210319333,3.777325150157884,7.0
315,1.7912684690327576,4.14679219185534,7.0
316,1.6176881410954767,4.115201115143082,7.0
317,1.6953797020781496,3.72600668841773,7.0
318,1.8193592947824453,3.8411025518421207,7.0
319,1.651513837464235,3.765406346198714,7.0
320,1.5921569939662874,4.393549738167636,7.0
321,1.6420290361098122,3.770406922156096,7.0
322,1.7956989399757992,3.8652526572422974,7.0
323,1.5586069572047148,4.365235863337419,7.0
324,1.5615755280386598,3.51215666236572,7.0
325,1.3805537536188643,4.005957858510295,7.0
326,1.5555606052221176,4.214853452458399,7.0
327,1.764073649666392,3.8907917647246197,7.0
328,1.881261271994351,4.19097815071768,7.0
329,1.518033858221437,3.5480989491963633,7.0
330,1.7118515531082594,4.20177410576496,7.0
331,1.6614490666615882,3.644603176032762,7.0
332,1.600240175213112,3.9538939584173423,7.0
333,1.7480201706503324,4.248161152529263,7.0
334,1.3875567771587014,4.358051285020292,7.0
335,1.7988071184978165,3.748742050606096,7.0
336,1.7542101598684767,4.172028202678246,7.0
337,1.637756010233965,3.963413878852806,7.0
338,1.705330090507741,4.038007740645172,7.0
339,1.6968912762592987,4.304216168729626,7.0
340,1.718503929108708,4.066610200461494,7.0
341,1.8080495402577448,3.5778748214790346,7.0
342,1.7073364157490818,3.9961957141116544,7.0
343,1.4972299571874854,4.0568749475091535,7.0
344,1.664020937428882,3.6834914353481962,7.0
345,1.6891443686361238,3.713425067395247,7.0
346,1.7051252248755246,3.650581089232853,7.0
347,1.826235706253141,3.897000909779276,7.0
348,1.627434845139438,3.4919720167207524,7.0
349,1.5896065114053894,4.4056083149002365,7.0
350,1.2124334753860861,3.8271520682284663,8.0
351,1.2193018047111523,4.175721483899314,8.0
352,1.3166494499655195,4.547162363392979,8.0
353,1.2206347753852815,4.831552268579894,8.0
354,1.3708527026930388,3.7675949986303383,8.0
355,1.1936955817538637,4.503978011928501,8.0
356,1.2441243737149308,4.570221700568209,8.0
357,1.1778848379134672,4.302524682249417,8.0
358,1.1830540950780293,4.16009039371939,8.0
359,1.1837839758786475,3.8600261889487606,8.0
360,1.185904710755352,4.581578501104867,8.0
361,1.2451372975777426,3.9090038680903616,8.0
362,1.0921131408063518,4.242802826478037,8.0
363,1.3390042423586297,4.685891716082593,8.0
364,1.2118544735010621,4.390830887184317,8.0
365,1.1368771896414724,4.184635456845197,8.0
366,1.1553725847034413,3.8896407957167076,8.0
367,1.1749861499558552,3.9438360954675535,8.0
368,1.282390596625408,4.00813197075153,8.0
369,1.2592364933282703,4.012678403885653,8.0
370,1.2205945028528113,4.00220179006477,8.0
371,1.2187022120526232,4.292801492044826,8.0
372,1.2650074442550958,3.985712158915435,8.0
373,0.989294115543669,3.8894325368172895,8.0
374,1.2869595155859146,4.172967637261228,8.0
375,1.1243518908428398,4.148779744796206,8.0
376,1.1700335035338192,3.9134207654348847,8.0
377,1.163294986532308,4.600799044737556,8.0
378,1.3893795338804553,4.222261936172679,8.0
379,1.232077650722556,3.943890206748681,8.0
380,1.2402374660511493,4.086281578985311,8.0
381,1.1955615139381843,4.6333623581251775,8.0
382,1.1923665149142346,4.26114051259958,8.0
383,1.2936657333293917,4.11416468478488,8.0
384,0.9849049316895375,4.218816559695441,8.0
385,1.218962249629909,4.3817418426998005,8.0
386,1.3408893621252878,3.70752595388896,8.0
387,1.3636952182605153,4.124096155850188,8.0
388,0.9322061372596337,4.0780351073156424,8.0
389,1.226327221703476,4.399621556947053,8.0
390,1.1140061695261103,4.590418004585305,8.0
391,1.3412675165743626,4.570575708953044,8.0
392,1.2778933000789923,3.4050685480093086,8.0
393,1.2322116866146546,3.8788025583657384,8.0
394,1.2144271055754583,3.772211502892324,8.0
395,1.2814886477397087,4.128381532479486,8.0
396,0.951775335065915,4.155603865680786,8.0
397,1.2370718909209202,4.094528572805719,8.0
398,1.2169012778873411,3.7758476368788525,8.0
399,1.0669366612348952,3.8996216644323507,8.0
400,2.129680517420152,1.3424892770545616,9.0
401,1.790212237610017,1.2213953477078412,9.0
402,1.8265246945263462,1.1535578913977278,9.0
403,2.0167933521839405,1.1784879989860015,9.0
404,2.152958364646207,1.2567108579066104,9.0
405,2.1400989114688183,1.1420635308797291,9.0
406,2.0755792888964804,1.084009268282237,9.0
407,2.36128383192231,0.9949162870874938,9.0
408,2.2144228631310963,1.1516050228717152,9.0
409,2.2098577233291476,1.3427410692347161,9.0
410,2.2530701044083647,1.1467631624703711,9.0
411,2.2593766735929526,1.2976029866412278,9.0
412,2.0801054154335623,1.0051503410826503,9.0
413,1.9579523225987123,1.3084813219825517,9.0
414,2.245886641904614,1.2175121558236346,9.0
415,2.1563494542901136,1.2594477419138739,9.0
416,2.150390962082897,1.174119857374407,9.0
417,1.91947825149062,1.0610309911168265,9.0
418,2.021131537638558,1.0960050135695951,9.0
419,2.2718247676366685,1.0883065267932828,9.0
420,2.168929452852975,1.1129869152793574,9.0
421,1.9692120575232772,1.1386182364093294,9.0
422,2.1848997365605536,1.0816249523296992,9.0
423,2.4431898141173884,1.1973381704999444,9.0
424,2.332742496908138,1.1318508562600778,9.0
425,2.3334485172781934,1.106734216528969,9.0
426,2.334725249148126,1.0975260744078559,9.0
427,1.9314170163191693,1.1777476297181504,9.0
428,2.365122184137805,1.1344074949044844,9.0
429,2.1518032985342637,1.124063178855813,9.0
430,2.5355322056531326,1.2463534005744252,9.0
431,2.377009473675906,1.26516861605428,9.0
432,1.9528797926773251,1.3424630671611983,9.0
433,2.043411322278743,1.2184948841938272,9.0
434,2.186229666624,1.0925045566285174,9.0
435,2.4029401007447015,1.1838068370072854,9.0
436,2.134959172749729,1.2263177429376013,9.0
437,2.232596378166238,1.196591443904885,9.0
438,2.289975618230455,1.0886406771084354,9.0
439,2.137695304592617,1.0991748970701316,9.0
440,2.065490486929339,1.144475384769764,9.0
441,2.1355334148994025,1.1266340161863309,9.0
442,1.9442871846025702,1.2316485176697682,9.0
443,1.9917738536533247,1.1902305314971462,9.0
444,2.0169812834506495,1.2048287495633203,9.0
445,2.32720539453064,1.1852674018469989,9.0
446,2.509293236734327,1.2346238315451552,9.0
447,2.230557990518384,1.1348087219533585,9.0
448,2.34184187430609,1.0629449271639606,9.0
449,2.1371297949748325,1.3521833193441077,9.0
450,1.9543111963096729,2.3455512153270424,10.0
451,1.8414619596551984,2.6131227760276845,10.0
452,1.7692415019791805,2.2032839719203676,10.0
453,1.9465183227117402,2.1208397852956526,10.0
454,1.939436457566633,2.307181793928909,10.0
455,1.859188002664425,2.3190584285131095,10.0
456,1.8602049441691735,2.0405830871798454,10.0
457,1.929587128679468,2.393250640929482,10.0
458,1.966766653156706,2.5199621048587044,10.0
459,2.0219267681960598,2.2019247453587067,10.0
460,1.700476989037639,2.2875800689687553,10.0
461,1.8465611963333626,2.380372819357233,10.0
462,1.6856781072269467,2.7092484165806154,10.0
463,1.6027523283305418,2.6626494416248665,10.0
464,1.6892848024916693,2.357235265057302,10.0
465,1.8849390266743495,2.3406560031752055,10.0
466,1.5677722887611238,2.422595348890075,10.0
467,1.6344885843391657,2.694807844612485,10.0
468,1.3337222062355314,2.2874882909699674,10.0
469,1.7629967117396896,2.2785971469929556,10.0
470,1.6431306237543684,2.389675102801349,10.0
471,1.8232916664621377,2.312825404483118,10.0
472,1.8415852266796928,2.4483824285548885,10.0
473,1.8662958818746764,2.231227969561711,10.0
474,1.7832537526656447,2.538715464145454,10.0
475,1.765175992640776,2.6004688617853122,10.0
476,1.5345844774427617,2.385956360197745,10.0
477,1.4909780161082857,2.5295751987939763,10.0
478,1.970311678737641,2.4416229750691105,10.0
479,1.6148798599994354,2.1498500155048457,10.0
480,1.7389268571089846,2.464853845828089,10.0
481,1.7922208435124745,2.689712379374477,10.0
482,1.6995946975859995,2.4641594926908703,10.0
483,1.8290474384736386,2.395759337992524,10.0
484,2.0180319610899797,2.3558388580248724,10.0
485,1.6282782827328552,2.746962377504798,10.0
486,1.9489932024387822,2.272428536965327,10.0
487,1.915641392855946,2.788260157711635,10.0
488,1.7006184231621972,2.33534701824298,10.0
489,1.8195321812148741,2.326546099953622,10.0
490,2.1591225477660023,2.5978574144550963,10.0
491,1.8265722278467855,2.4773642475355158,10.0
492,1.6246801151456385,2.566998330237021,10.0
493,1.5694359476961712,2.5645670945982926,10.0
494,1.6698795437203322,2.6516528726618467,10.0
495,1.9273488037877051,2.1364371082491482,10.0
496,1.6869222365946144,2.341645090536599,10.0
497,1.8335631129573977,2.455173706924973,10.0
498,1.827640018036786,2.4726923649404937,10.0
499,1.5282363087069675,2.3435325685937447,10.0
500,1.6764928021137817,2.7299581338733714,11.0
501,1.9893036686981076,2.6794957989701333,11.0
502,2.115543914543749,2.4791424764924423,11.0
503,1.886154061455147,2.4552253325682507,11.0
504,2.3529201533147317,2.5821819498813983,11.0
505,2.1216200091576365,2.5115835748309503,11.0
506,2.2374436582888846,2.519132674138855,11.0
507,2.0000809483775597,3.0070320240740673,11.0
508,2.061652971970958,2.644843014525957,11.0
509,1.9424956158058537,2.549009806827344,11.0
510,1.8443599511957984,2.7344688220684747,11.0
511,1.7962252185771235,2.8144082375188493,11.0
512,2.1453401717447282,2.64004082337254,11.0
513,2.032616147215404,2.6343659621556053,11.0
514,2.229223063127946,2.658343988882882,11.0
515,2.415357309859925,2.8595872972006657,11.0
516,2.011293840929962,2.6943766711609918,11.0
517,1.8675975749160334,2.706141830891005,11.0
518,1.809952301631124,2.7415184624142723,11.0
519,2.0268846647613885,2.816878802087205,11.0
520,2.201383227978379,3.1019226578412424,11.0
521,1.7108154967778653,2.816864795451629,11.0
522,2.0335927000997733,2.7273041340358515,11.0
523,2.2169307302663834,2.8697017521657084,11.0
524,1.9146960122025074,2.8508430082376064,11.0
525,2.0350887044384693,2.519722353364191,11.0
526,2.1388988156737225,2.3514248854472246,11.0
527,1.926242615311472,2.509660249475682,11.0
528,2.1654489367776053,2.462526294018654,11.0
529,1.9664204036621669,2.707862346659967,11.0
530,2.045722848848422,2.9341757825655455,11.0
531,1.8008902242514375,2.7869691961493386,11.0
532,2.284817123887334,2.683248270871089,11.0
533,2.0990813205207433,2.5876798011345046,11.0
534,2.0231218479063773,2.6841838483369207,11.0
535,1.9896801072978088,2.492135089698723,11.0
536,2.090442855826416,2.888060258614966,11.0
537,2.162197658652188,2.9772830010820996,11.0
538,2.305958751105663,2.459139007682998,11.0
539,2.09483453282314,2.63481372455865,11.0
540,2.0462050116141897,2.906279557442229,11.0
541,1.936706297061973,2.6112207224416477,11.0
542,2.1788377229164784,2.65975447208537,11.0
543,2.2933769636599473,2.6482395364332527,11.0
544,2.039126777957554,2.7536722562851215,11.0
545,1.8611681635820185,2.70990586960489,11.0
546,1.8818306072018378,2.9563330084176527,11.0
547,2.093443261012316,2.7096427176004885,11.0
548,2.21702114495985,2.3960565061778345,11.0
549,2.0548037378011896,2.6792563376788205,11.0
550,0.9708308414208913,3.7382003660118324,12.0
551,1.0598468372472774,4.000678002543567,12.0
552,0.8960111154688256,3.8883825673411763,12.0
553,1.023553811033927,3.977678283344801,12.0
554,0.9890961332765839,3.97404588146349,12.0
555,0.9611071357376422,4.397940141296372,12.0
556,0.9244810599933069,4.130333306885899,12.0
557,1.1038010504337423,4.090198673714728,12.0
558,1.0409093791502806,4.051524574870324,12.0
559,1.104070280344297,3.970566157972163,12.0
560,1.1098149069616767,4.073093099822399,12.0
561,1.0016949544269196,4.632980662143895,12.0
562,0.9959550972461098,3.7959678513877435,12.0
563,0.8907019123287006,4.047792077539813,12.0
564,1.017116482261938,4.417756572838861,12.0
565,0.9687526753688643,3.630606735429355,12.0
566,1.130185161526844,4.240159704428585,12.0
567,1.1101571226559344,4.176403142358104,12.0
568,1.0454318370188462,4.130149057276336,12.0
569,0.9470318618773509,3.5503790617020554,12.0
570,0.9256639353301295,4.053458292092918,12.0
571,0.843321797833634,3.840354727184255,12.0
572,1.0260678938293502,4.318330688497377,12.0
573,1.0850414513040427,4.336544544267331,12.0
574,0.9268267406477234,3.781274489154178,12.0
575,1.0832266482127437,4.2560893840628164,12.0
576,0.9620342030201834,4.35149113404724,12.0
577,0.9699254985405413,4.395189497926797,12.0
578,0.9744878190809977,4.049828348250269,12.0
579,0.8897748970953951,4.381250167941215,12.0
580,0.9897797961993389,4.092164397498069,12.0
581,0.9300946688762702,4.19166749499194,12.0
582,1.050862065339022,3.8540261597040044,12.0
583,0.7850565324868835,4.055645515724417,12.0
584,0.9669763389702919,4.4227669151931135,12.0
585,1.1079211215906137,4.1466327571207495,12.0
586,1.104398049874011,4.993440855610455,12.0
587,1.0579380613122715,4.298341144489758,12.0
588,1.059589642680176,3.691327216405377,12.0
589,1.123043238562047,4.070379929802747,12.0
590,0.940108930604746,3.9633631198848094,12.0
591,1.0322804019229457,3.8203620561000067,12.0
592,0.788176072043957,3.7815900817249393,12.0
593,0.9473055152330792,3.993482267857897,12.0
594,0.9706311324067607,3.70248614434664,12.0
595,1.018972773037096,3.886608580747419,12.0
596,0.9780006797321241,4.347984068707553,12.0
597,0.9879287971038581,4.071025776431371,12.0
598,0.9894462440021929,4.081416011870299,12.0
599,0.9046289067598611,4.191334698355999,12.0
600,0.9955623284245616,3.923119563749749,13.0
601,0.9711305343120514,4.240897683938071,13.0
602,1.0563650600513106,4.035284586560382,13.0
603,0.9514339780178086,3.8258027164262045,13.0
604,0.9742963074453831,4.16793440564819,13.0
605,0.8957455546135158,4.455052344524355,13.0
606,0.9583386315030626,4.494361599002158,13.0
607,0.9115555652656967,4.116315620681068,13.0
608,0.919321557457479,4.225722224469339,13.0
609,0.9892480945967418,4.115669586977004,13.0
610,0.9493383952400087,3.607171799198898,13.0
611,0.8789020257840452,4.068232371693796,13.0
612,0.9544610967541157,4.547091912634568,13.0
613,1.072730696544656,3.457228844843684,13.0
614,1.0397194446818543,3.5222898871267208,13.0
615,0.9599484653448132,3.9169026392740767,13.0
616,0.9860266638159244,4.021384001063939,13.0
617,1.1207235758183351,4.030088945108405,13.0
618,0.9495251504835596,3.9741727177622157,13.0
619,1.0951407009486978,3.2749909400086175,13.0
620,1.0745697890317762,4.133527554027585,13.0
621,1.0594931096136566,4.233526541612031,13.0
622,0.9594699350049569,4.465742371389758,13.0
623,1.040520438603406,3.787046637733381,13.0
624,1.0345417706964268,3.7935476473569665,13.0
625,0.9007195912946601,4.057078630062746,13.0
626,0.8984196399018061,3.1891957896765883,13.0
627,0.9016805172790896,3.466888766903381,13.0
628,1.099748161886253,3.914144182010569,13.0
629,1.096784976631962,3.9230093199855536,13.0
630,0.9403210914378971,3.647097718731528,13.0
631,0.9743881676486764,3.7926845780056047,13.0
632,0.9197497915845081,3.8094410740934084,13.0
633,1.0450616098553098,4.277297568881023,13.0
634,0.9539644729186593,3.9299135920522623,13.0
635,0.8701108898322614,4.080924414112864,13.0
636,0.9803736169120365,4.0357772457608885,13.0
637,1.1184781594866573,3.4873201975227026,13.0
638,0.9436374374587593,4.444087137442555,13.0
639,1.0029863889204074,4.354776159096556,13.0
640,1.0210944511928568,3.9727926252768637,13.0
641,0.9629621298315157,4.208830037250364,13.0
642,0.7851557211911859,4.363331689402853,13.0
643,0.9699620428925921,3.87254074353618,13.0
644,0.8992513254386566,3.9398696058212255,13.0
645,0.9368107011538499,4.554183079186304,13.0
646,1.0230324219230986,3.96919235885205,13.0
647,0.9306614506383012,3.7081032369782814,13.0
648,1.1174606939651606,4.282210890790594,13.0
649,1.0385749597529639,3.688008146629441,13.0
650,0.17981527888057616,3.676384193987579,14.0
651,0.14265581648153422,4.413816397718318,14.0
652,0.14790256259549117,4.477392742496511,14.0
653,0.17509593908701904,4.4590628719029315,14.0
654,0.17141108535931857,4.076039074397223,14.0
655,0.13304822476671202,3.593075922814785,14.0
656,0.16833867229126198,4.405890353473202,14.0
657,0.20046225142605703,4.455409610880441,14.0
658,0.11997309347449649,4.676329092871077,14.0
659,0.1817323881756896,3.4490957062436554,14.0
660,0.12106257329888759,4.491004504193997,14.0
661,0.16511097411477912,3.9320361207258623,14.0
662,0.13461181283192286,3.9723149973634615,14.0
663,0.19889361704528566,4.091022763219466,14.0
664,0.19429396229110218,4.308100224364368,14.0
665,0.1787940356465382,3.824904067769951,14.0
666,0.14464603952250277,3.973344886063613,14.0
667,0.14367826339492698,4.725801662929166,14.0
668,0.16654532251617835,3.8293732252203654,14.0
669,0.16311387637379623,4.03553817672216,14.0
670,0.18704907854150918,4.390614486964512,14.0
671,0.19411596199722234,3.9269992385600725,14.0
672,0.12704346581314882,3.8697171751767323,14.0
673,0.19345746111490247,4.240998187481033,14.0
674,0.14364983926002767,4.0584129336925185,14.0
675,0.20504229984440175,4.460833220118165,14.0
676,0.18377869023713247,4.4334999998718825,14.0
677,0.14093001497228091,4.296377083427746,14.0
678,0.14746457931531326,4.4733371932654045,14.0
679,0.13444765011295334,3.8825184446645595,14.0
680,0.12275720720132907,4.109103240024806,14.0
681,0.17451458531407033,4.113680961619797,14.0
682,0.1656084211531811,4.042062862186401,14.0
683,0.16830209207249933,3.851577432568919,14.0
684,0.17254838689342694,4.221377234350289,14.0
685,0.17939837265964542,4.2595869528620725,14.0
686,0.13013345769284224,4.743977541382656,14.0
687,0.132566748155246,3.6595968900903784,14.0
688,0.1507710545344048,3.8588862139890843,14.0
689,0.18447286763309792,4.693609227217915,14.0
690,0.17798887709521338,4.0470571388426055,14.0
691,0.16218645987712677,4.261963315925707,14.0
692,0.21405476296004716,4.2460589803009805,14.0
693,0.1993456309454134,3.7569945685522113,14.0
694,0.19893901808536382,3.74314801157993,14.0
695,0.1659333559321928,4.258246247903802,14.0
696,0.22421173375479628,4.0054578601604485,14.0
697,0.1748274720039742,4.102548360610981,14.0
698,0.22905985766591258,4.223750758863916,14.0
699,0.14838775587457387,4.227536394639522,14.0
700,0.6525864189553285,4.518923558614916,15.0
701,0.731666294565855,4.9007282494853035,15.0
702,0.7202464980219584,4.8436063375073655,15.0
703,0.6334095284689255,4.917535437995385,15.0
704,0.7233768512314719,4.739221676067909,15.0
705,0.6318150789627417,4.523967286324601,15.0
706,0.7701628213392112,5.02710615612046,15.0
707,0.7701388192102817,4.7440777708683015,15.0
708,0.6500017788573965,4.6767678953114,15.0
709,0.6106136463105467,3.9366527973519836,15.0
710,0.7332099809561973,4.8366539235518085,15.0
711,0.7460791001676066,4.324849705715138,15.0
712,0.7294341329693045,4.531920684531476,15.0
713,0.6370158280395599,4.395084504687018,15.0
714,0.6570763037939633,4.789717170885634,15.0
715,0.7848623719426111,3.791702182830278,15.0
716,0.6876884308938224,4.7871218788445535,15.0
717,0.8206803006272501,4.876095437167057,15.0
718,0.7269757823974209,4.9566279091507734,15.0
719,0.7203350667105568,4.323273986384867,15.0
720,0.7123098795480904,5.156890227492228,15.0
721,0.7282151518887766,3.744560395728619,15.0
722,0.8163295117137128,4.602931689042974,15.0
723,0.7352543960893076,5.308234165091045,15.0
724,0.7336398570539324,4.084245831394649,15.0
725,0.6719338929108285,4.575985931125299,15.0
726,0.763745786055283,5.296831691322956,15.0
727,0.7589310964397958,4.577457571184413,15.0
728,0.7855361892404229,4.533206913007817,15.0
729,0.7943179158011833,5.004989769723433,15.0
730,0.7326356159717291,3.6327028515036255,15.0
731,0.8134844528309231,4.663623020961316,15.0
732,0.819805271961974,4.807955128808865,15.0
733,0.8431216281147054,5.002922967248468,15.0
734,0.7975656787377159,5.031218584567407,15.0
735,0.6996696035475506,4.824404619117047,15.0
736,0.71937298833604,4.702889500103957,15.0
737,0.6719741290227792,4.1476597602383185,15.0
738,0.7867163258907,4.783645927960436,15.0
739,0.7762985880849538,4.651931565848143,15.0
740,0.7732802825327613,4.954560478413999,15.0
741,0.8593960540770571,4.649647629014089,15.0
742,0.7524047527488763,4.862323466377216,15.0
743,0.8512230568750161,4.475822738920079,15.0
744,0.6939035247643011,4.5208663650413445,15.0
745,0.7135098615632889,4.98455772245858,15.0
746,0.8414566478855757,4.601486036833125,15.0
747,0.6957281565947371,5.372019700995245,15.0
748,0.6825115369160315,5.001093513615133,15.0
749,0.843945955605642,4.825867559955308,15.0
750,2.1225615369967907,1.7745817803461652,16.0
751,2.199559338159259,1.8411205562083748,16.0
752,1.8815915675381323,1.811226368253828,16.0
753,1.8735820099882363,1.8596424921982326,16.0
754,2.0283017618251304,1.6232598177712334,16.0
755,1.8528872721874752,1.9266669695908352,16.0
756,1.882930602471715,2.0025526930021025,16.0
757,2.0921556744753405,1.809294424574168,16.0
758,1.6202999597773504,1.8061130553406068,16.0
759,2.0582148731938608,1.6961821754514765,16.0
760,2.0789784232289357,1.7259942945258906,16.0
761,1.881339954657639,1.8909159320163944,16.0
762,2.043469351549491,1.9145836279435806,16.0
763,2.298848340928799,1.6225477757554068,16.0
764,2.075936438154414,1.9185065457350847,16.0
765,2.087513821582097,1.8099567786644302,16.0
766,2.193358714821713,1.931383882724402,16.0
767,1.7814298764490937,1.838186761737682,16.0
768,2.091311726531206,1.59697271637266,16.0
769,1.9940782519566604,1.728412090541484,16.0
770,1.7509925868443321,1.7831756254686122,16.0
771,1.757356324530848,1.861401210126202,16.0
772,2.2470152512575434,1.862105668647814,16.0
773,2.0321494351826064,2.0418908880060833,16.0
774,1.6524797633296204,1.7871499408417093,16.0
775,1.9240170457602022,1.9315268559975751,16.0
776,1.929851469560592,1.7950015210816195,16.0
777,1.8001901404503304,1.8363312906253892,16.0
778,1.7512847780981309,2.067218287005517,16.0
779,1.6171210739934914,1.8215034848842409,16.0
780,1.8794752457539619,1.7028383361548578,16.0
781,1.8385148586477809,1.6089289563943683,16.0
782,1.9515031294244989,2.172392917449069,16.0
783,2.119269297421678,1.8318633608355381,16.0
784,2.0342979762597593,1.7318004413914778,16.0
785,1.8362227953208046,1.7350045231982776,16.0
786,2.148226087800321,1.976849260868998,16.0
787,2.0518637945229425,1.7674911928586803,16.0
788,2.1507187249697024,1.9899408574958921,16.0
789,2.1760033627701687,1.793564391534736,16.0
790,2.0191846830980253,1.818420960638077,16.0
791,1.7000710429073616,1.8475095260827312,16.0
792,1.9468903319178394,1.814489624100667,16.0
793,2.0795156364827423,1.9537425486336457,16.0
794,2.035393638740815,1.9453596064398155,16.0
795,1.923717135397611,1.9647547537692016,16.0
796,2.0376618996787452,2.007810175425973,16.0
797,1.8245872862787984,1.9765485940110363,16.0
798,1.9890519429012001,2.0375907266021382,16.0
799,2.086989552090179,1.6769148670780774,16.0
800,2.4121494004148163,0.7147324299013629,17.0
801,2.2858137865825197,0.8408866380805073,17.0
802,2.2301900101980046,0.6567588909273436,17.0
803,2.3960354094880394,0.7591926006684337,17.0
804,2.3630218127405738,0.6939100691405761,17.0
805,2.2274118495109585,0.646735423984574,17.0
806,2.0386978500291377,0.7082478116478759,17.0
807,2.5276943662464184,0.7946544561586293,17.0
808,2.197645944792379,0.7300980209866994,17.0
809,2.3968626089981697,0.7619641367160531,17.0
810,1.8764253911372566,0.7059169744149293,17.0
811,2.0549289489962725,0.6570407262858302,17.0
812,2.4132459826421213,0.7658425983456979,17.0
813,2.289312488400752,0.7164782985719866,17.0
814,2.254236216727959,0.6916293607947199,17.0
815,2.0266871570969007,0.715333736955042,17.0
816,1.92614430921565,0.7481694723704039,17.0
817,2.4458305147855293,0.7267978366607905,17.0
818,2.253735516715074,0.7107121504635722,17.0
819,2.7106666302839684,0.7428043694357793,17.0
820,2.128550908321566,0.6609139651864241,17.0
821,2.1834396483496614,0.7399634311195211,17.0
822,2.298982187020798,0.7279704962046839,17.0
823,2.070059089779864,0.7174929572310715,17.0
824,2.5052458278757945,0.8347177085701853,17.0
825,2.4530858264015514,0.7421894096227282,17.0
826,2.3360619991061906,0.6897975063971897,17.0
827,2.332983613496226,0.6971249175773345,17.0
828,2.3279376575241075,0.6879975276527086,17.0
829,2.3700319345583454,0.6923753828035546,17.0
830,2.15911041550291,0.7334980331807708,17.0
831,2.1935638584764594,0.7391774009001322,17.0
832,2.1955328740970366,0.6387906986800067,17.0
833,2.4251359410915687,0.6799915545331682,17.0
834,2.242952086091587,0.7492857452378323,17.0
835,2.304767710837834,0.7441421196271385,17.0
836,2.187402879401774,0.7513131738407423,17.0
837,2.40851594253829,0.698511386133419,17.0
838,2.30295560053718,0.6581856526559504,17.0
839,2.273965773794006,0.7197765317484659,17.0
840,2.3675192014637405,0.7429525726659405,17.0
841,2.3354369516585813,0.6978780297565291,17.0
842,2.334474559940246,0.7502181882236084,17.0
843,2.0120798154749933,0.6834523998554057,17.0
844,2.566949996919375,0.672751229698446,17.0
845,2.4016464485101445,0.8201067343501618,17.0
846,2.2355178855072046,0.702507353918329,17.0
847,2.4760255785984597,0.6648899688808394,17.0
848,2.456667835692834,0.7106172065770157,17.0
849,2.4078488545157315,0.7073210334152192,17.0
850,0.9190140079010889,3.9695434956367666,18.0
851,1.023373028851411,4.634600747594683,18.0
852,1.0509675911974332,4.413602807217637,18.0
853,1.005369717906192,3.962846457332123,18.0
854,1.0231922408698717,4.403421899652548,18.0
855,1.0715384162214894,4.149487519572141,18.0
856,1.0339578113117596,4.363103777237689,18.0
857,0.9720235723732045,4.0862930501082975,18.0
858,1.034271590322128,4.146587149028881,18.0
859,0.9709892203543758,3.752126627530834,18.0
860,0.9085161897169199,4.085405748217494,18.0
861,0.9381632403740219,3.8633916800103045,18.0
862,1.0254858257909176,4.624973393672844,18.0
863,0.8609834813663121,4.149100379422349,18.0
864,0.9775792779088286,4.234757386752443,18.0
865,0.9100937471180586,3.9413980872719914,18.0
866,1.1618264392148367,4.029854321822139,18.0
867,0.8837103305680979,4.942212080553859,18.0
868,0.9588376713748754,3.934789742534444,18.0
869,0.7902763114762655,4.329795585800804,18.0
870,0.9815741186462044,4.260381123837267,18.0
871,0.8192826625226612,3.8807828197223673,18.0
872,0.9711107585562831,4.445142143294403,18.0
873,1.0801628195257422,4.150097567915046,18.0
874,1.011822612489409,3.6593420143391775,18.0
875,1.0635622981085282,4.082147934570178,18.0
876,1.0055214415348572,4.231499990731859,18.0
877,1.1389448769430068,4.751218178549774,18.0
878,0.9628419076592091,3.9410897493974284,18.0
879,0.9373323729624126,4.3589678540406345,18.0
880,1.1292529248988754,4.5034522805290225,18.0
881,0.9643940223247789,4.078615933198696,18.0
882,1.0835460492371916,4.0765458891988855,18.0
883,1.0707845370372984,4.149535701124975,18.0
884,1.0672630475031915,4.33858736183571,18.0
885,0.9183304265463064,4.122295492718739,18.0
886,0.9852003251127104,4.057204822748992,18.0
887,0.8624829319095911,4.10088414553694,18.0
888,1.0217861184064638,4.429126499238544,18.0
889,0.9902385856678744,4.284974332131788,18.0
890,1.0281488590135246,3.618527469758085,18.0
891,0.9291524823512176,4.056575836942664,18.0
892,0.9734455883019691,3.932257820099267,18.0
893,0.9047732711140188,4.1878801444774165,18.0
894,1.0522822331721537,4.735325582146545,18.0
895,0.9677858060452121,4.251172140337043,18.0
896,0.9736279674262165,3.7201746018417574,18.0
897,0.8420147641143567,3.6541749824031373,18.0
898,0.9659682727737415,3.840412038929808,18.0
899,1.0112753119462106,4.340316729221107,18.0
900,0.9237936839462815,4.727117532699221,19.0
901,0.8254070411505109,4.527081674686879,19.0
902,0.9775232327974916,4.283964418964222,19.0
903,0.8730292381950754,4.704333343718933,19.0
904,0.8322187060982671,4.941547971355882,19.0
905,0.8842049413914725,4.952582199252957,19.0
906,0.824301396457884,4.171429281660977,19.0
907,1.058011609410941,4.465352561600542,19.0
908,0.9295541778489923,5.278413053734534,19.0
909,0.8524448644708587,3.7940624038532076,19.0
910,0.9645251392177262,4.336533896101833,19.0
911,0.9243282863871329,4.837416746044754,19.0
912,0.9951344620876832,4.59776007979078,19.0
913,0.9493249825806764,5.084184649484326,19.0
914,1.0335546863729255,5.12015945293924,19.0
915,0.7654166054411168,4.383094569692654,19.0
916,0.87817701035648,4.364426619672085,19.0
917,0.8909153989582969,3.7819093540024404,19.0
918,0.9995816725070376,4.296559041942146,19.0
919,0.8687809952176332,4.000047533953574,19.0
920,0.9227229188409426,4.405230177578843,19.0
921,0.8746591006579977,4.395570195388222,19.0
922,0.8338129255396936,4.926509399029262,19.0
923,0.9604843355522038,4.894118662072099,19.0
924,0.9467503318185493,4.4942246459289725,19.0
925,0.8931988646724711,5.057476285196718,19.0
926,0.8077503748329664,4.351199378686876,19.0
927,0.9178137142074665,4.749955066207282,19.0
928,0.923134489436728,5.349114282638842,19.0
929,0.8530907451087046,4.373451220418824,19.0
930,0.8416749829798222,4.299195821777038,19.0
931,0.8652403609572408,4.786356680662177,19.0
932,0.8143894193765671,4.360434286962517,19.0
933,0.9935820762170957,4.872484961806389,19.0
934,0.9283557989180891,4.431771645132202,19.0
935,1.0019529659721071,4.539034474957217,19.0
936,0.9322137194304467,4.748289354371021,19.0
937,0.90237479540883,5.044885890572189,19.0
938,0.8190821765688253,4.154339984756088,19.0
939,0.8021302509470407,4.135384604065738,19.0
940,0.870292189999157,4.8862902257819165,19.0
941,0.9621791682496956,4.605347342931777,19.0
942,0.7709842800652756,4.120029197924416,19.0
943,0.9372892923213345,4.733105136660344,19.0
944,0.8925856807667525,4.097287860563749,19.0
945,0.8773813040637792,4.6206948007377795,19.0
946,0.9201509949487743,4.568044367338563,19.0
947,1.0549219818263256,4.810175757787263,19.0
948,0.8510809178050454,4.901755345574551,19.0
949,1.0230617567814846,4.638598055504246,19.0
950,0.8606652016796895,4.709093135163604,20.0
951,0.6507611262645168,5.002611289663244,20.0
952,0.5881722456201822,4.787594007617845,20.0
953,0.7189237804001917,4.5313011269898675,20.0
954,0.8633960483739112,4.664337891851373,20.0
955,0.8469778858475248,4.571310686060902,20.0
956,0.7806124587633094,4.762400177010539,20.0
957,0.7187881452400668,4.897627828218027,20.0
958,0.7317831379596635,4.64603854677889,20.0
959,0.7102134181790528,4.89086857030162,20.0
960,0.7055564686538403,4.942637495020279,20.0
961,0.7691226242329123,4.65329311517242,20.0
962,0.7097996732686982,4.36775584939033,20.0
963,0.8411755718839599,4.435819622578897,20.0
964,0.7045021875302487,4.828355905287092,20.0
965,0.7251729555437838,5.3050461935188356,20.0
966,0.6858247278782722,4.965970966540307,20.0
967,0.7873196577987336,4.9113942078299155,20.0
968,0.7596524666635533,4.602993977392665,20.0
969,0.8043652383625745,4.429949831758924,20.0
970,0.655516272071005,4.6201157849200865,20.0
971,0.838375844273881,4.75550440792782,20.0
972,0.7171512469154177,4.416939740696312,20.0
973,0.775008811482303,5.039197858825328,20.0
974,0.7631759485127283,4.6690802930727004,20.0
975,0.8043628597201454,4.637473749552747,20.0
976,0.5199492571463177,4.7824149433169785,20.0
977,0.7498057207223543,4.643424782246105,20.0
978,0.7234942352249504,4.614542895726174,20.0
979,0.7412969968257075,4.442442926396015,20.0
980,0.5637563029653602,5.531646961689923,20.0
981,0.6947976814111119,4.1991913421713045,20.0
982,0.7848666591578062,4.798737817700657,20.0
983,0.8286731919673992,3.9944930984601683,20.0
984,0.7485202042114731,4.546254774622415,20.0
985,0.7240702768679531,4.1566195955641625,20.0
986,0.6730650118501734,4.647762756382941,20.0
987,0.8795302020341598,4.005716323540109,20.0
988,0.7904011652756652,4.748934808760853,20.0
989,0.8095163051621923,4.298696467415543,20.0
990,0.76315256918193,3.921928547795666,20.0
991,0.7700475269205512,4.809932374971089,20.0
992,0.8065481146828427,4.911874690209914,20.0
993,0.6926698534565787,4.9305048211117795,20.0
994,0.7736765579219258,4.643637672862121,20.0
995,0.6702327413025799,4.9860208587950705,20.0
996,0.7544110053398069,4.27242631655028,20.0
997,0.6870184610582555,4.843243459630105,20.0
998,0.7752898966605034,4.320385062930514,20.0
999,0.9354324946636864,4.659507906831782,20.0
1000,1.0339287334044511,4.476440562417083,21.0
1001,1.1040269507474456,4.567810869277967,21.0
1002,1.0683660059635827,4.271954003004164,21.0
1003,0.9622171629281552,4.861159911054921,21.0
1004,0.9508332594869964,4.275867994213644,21.0
1005,1.0848735466496071,4.191181944267348,21.0
1006,0.9701184161841937,4.235451321776525,21.0
1007,0.9692190660177521,4.4965879612586805,21.0
1008,0.8402694586126405,4.547284151962744,21.0
1009,1.0159082541553985,4.499428944763989,21.0
1010,1.0060271047410958,4.724460427697294,21.0
1011,1.1297527217256613,5.040668940302327,21.0
1012,1.013175498080033,4.6728761796388,21.0
1013,0.8540178656409981,4.644283763222375,21.0
1014,1.058767010730151,4.177656666136854,21.0
1015,1.210604715235986,3.862706287280503,21.0
1016,0.9929541308639547,4.32347495377308,21.0
1017,0.9718613254175885,4.398202715414093,21.0
1018,1.044255672019841,4.316114783995623,21.0
1019,0.8984572735699918,4.02181160758094,21.0
1020,0.9624639137589468,4.834500798578192,21.0
1021,0.9867965136108048,4.478293421071277,21.0
1022,0.9952995220368412,4.5352660144562105,21.0
1023,0.9228755474147022,4.424709251229408,21.0
1024,1.0425753674315388,3.8167218131712755,21.0
1025,1.076112845429091,4.120438242499157,21.0
1026,0.9754180807416599,4.042057806032375,21.0
1027,0.9989492918523895,4.733771491968914,21.0
1028,0.8689192284138172,4.549457221768135,21.0
1029,0.9918578223792446,4.256528405997096,21.0
1030,1.0649113616241357,4.343718615484148,21.0
1031,0.980773847119237,4.439884119225896,21.0
1032,0.9269926692016536,4.39379417542139,21.0
1033,1.0359111040487832,4.412905324357334,21.0
1034,1.0261840285362618,4.373854985230527,21.0
1035,0.9873229635168492,4.5744579539654096,21.0
1036,0.9766075826000148,4.608518871015461,21.0
1037,0.9021291716522399,5.3069447200006845,21.0
1038,0.936829891777737,4.334788157569591,21.0
1039,0.9358889630258806,4.446994381667797,21.0
1040,0.8685997906694751,4.718013162570707,21.0
1041,1.1386111807081487,4.812864320994161,21.0
1042,0.9649824715882002,4.50082256052475,21.0
1043,0.9977915814657914,4.469348511926768,21.0
1044,0.9254139389611534,4.346459543891669,21.0
1045,1.084345671917077,4.482638725205741,21.0
1046,0.9422425988151488,4.307413174689962,21.0
1047,0.8600272611691394,4.580079087120757,21.0
1048,0.9325306590457623,4.390185224951716,21.0
1049,0.8942935905176101,4.752604313507918,21.0
1050,1.7092538846297791,2.7787365539008593,22.0
1051,1.6920699366921157,2.894331844761699,22.0
1052,1.719238452722956,2.866668667787402,22.0
1053,1.4346195500080858,3.0843194951234794,22.0
1054,1.816096970528666,2.601402480725021,22.0
1055,1.4690471401343888,3.00262158079158,22.0
1056,1.8287377534355176,2.945976182427758,22.0
1057,1.5911946176342395,2.630547137691565,22.0
1058,1.706291153494515,2.8264005679958117,22.0
1059,1.6161957591077922,2.6400250671872687,22.0
1060,1.7043584532539797,2.6310024858742658,22.0
1061,1.6759472821271924,2.9540007385208744,22.0
1062,1.5657744792978325,2.799774852256745,22.0
1063,1.7163395600198175,2.8667173579664427,22.0
1064,1.7345626905283722,2.7805122700461093,22.0
1065,1.8069321313724362,2.9735079954679606,22.0
1066,1.588142478215126,2.929563798144019,22.0
1067,1.4975348166169242,2.774180582939716,22.0
1068,1.7606739874786623,2.6503685505303434,22.0
1069,1.6808030013085764,2.827201629035785,22.0
1070,1.5795810171056976,3.1096390279433592,22.0
1071,1.5911595551403694,3.2015516342183226,22.0
1072,1.845259542540645,2.7417375834502424,22.0
1073,1.6975345575945815,2.7567431496096106,22.0
1074,1.6783962103162728,2.764990774130681,22.0
1075,1.478067462682569,3.0353097831889433,22.0
1076,1.8311642523652172,2.505201993326454,22.0
1077,1.7246950479887582,2.7402617204008646,22.0
1078,1.5982349203187818,2.8578224863669783,22.0
1079,1.70036646686918,2.6540562943735098,22.0
1080,1.925391076125516,2.976424647093116,22.0
1081,1.8863650759594095,2.5514764973180006,22.0
1082,1.611969362669239,2.7786571722243916,22.0
1083,1.4401747362504855,2.97915825662003,22.0
1084,1.7275068998251641,3.13246669714997,22.0
1085,1.6056375667739042,2.8687441101742914,22.0
1086,1.7338949423194305,2.883134126927966,22.0
1087,1.648966317455363,2.762764530278497,22.0
1088,1.4154371400951387,2.754989362327377,22.0
1089,1.5937000749357288,3.112936587668087,22.0
1090,1.9073561702573854,2.8612296056734943,22.0
1091,1.7924010305988685,2.4804376596185365,22.0
1092,1.5970477371296399,2.7000721001077284,22.0
1093,1.7530003200963746,2.6409383009981013,22.0
1094,1.5333286410186093,3.0608181251844067,22.0
1095,1.7654495607230756,2.5902479522975588,22.0
1096,1.5381451681336353,2.724489972064577,22.0
1097,1.5269079103119245,2.8309697478762192,22.0
1098,1.5428734247884988,2.940709845353852,22.0
1099,1.4713581997614058,2.5048707423219043,22.0
1100,1.338579298059763,4.23757870704392,23.0
1101,1.1530368267804487,3.9054154773551395,23.0
1102,1.1975833018530515,3.6855183834223806,23.0
1103,1.1848042198303665,3.545484232842383,23.0
1104,1.3702755127924862,4.067951100110519,23.0
1105,1.2611806721044638,3.7479679902341734,23.0
1106,1.2687410319147796,3.8494725230975684,23.0
1107,1.4458425762700562,4.00212320127711,23.0
1108,1.3726905756117365,3.8205842700334856,23.0
1109,1.2735568187667061,3.628082126446581,23.0
1110,1.3434214967922384,3.8696326186147867,23.0
1111,1.4169103552768858,3.5981859105977603,23.0
1112,1.210157138447105,3.6758807305904133,23.0
1113,1.2130395607391122,3.7984867936402105,23.0
1114,1.2604402817260894,3.651793044424216,23.0
1115,1.2843633195856476,3.829265446453513,23.0
1116,1.091019354702673,3.598368330815281,23.0
1117,1.310765717237058,3.9733556669254515,23.0
1118,1.2951579067819807,4.189514857370953,23.0
1119,1.1498528045740792,3.802529286162929,23.0
1120,1.2899573243096365,3.8938251151053604,23.0
1121,1.2569366271294933,3.4697722328924647,23.0
1122,1.3144517325507672,3.724784843972879,23.0
1123,1.2601144983395016,3.086927034828593,23.0
1124,1.1517908985766594,3.5192270926786864,23.0
1125,1.1557036507934797,3.950274067171237,23.0
1126,1.1109626663803098,4.163235774550115,23.0
1127,1.0748755273803028,3.3391373188304625,23.0
1128,1.256284409124168,4.192100284723129,23.0
1129,1.2855554517986076,3.5727319831475945,23.0
1130,1.2538467175687957,4.140956268486135,23.0
1131,1.2968967557743505,3.7857666175290388,23.0
1132,1.3117631722775256,3.7994462415911827,23.0
1133,1.0516014690429452,3.257913598605364,23.0
1134,1.3640060586937224,3.856773170055328,23.0
1135,1.3455844096587666,3.4731699882868425,23.0
1136,1.453506809707343,3.648864986458271,23.0
1137,1.2320659132344303,3.4497711553956787,23.0
1138,1.289861546040627,4.086422885454467,23.0
1139,1.151364246478301,3.7160333942817196,23.0
1140,1.1899926074092577,3.618484753933104,23.0
1141,1.1047117336862209,3.765741868624547,23.0
1142,1.1304901143624309,3.4918038266886233,23.0
1143,1.3814827935956195,4.0555393530509924,23.0
1144,1.1112263312890196,3.5129877510640446,23.0
1145,1.2797802815250932,2.9588656506930793,23.0
1146,1.1184300613146134,3.0599936581123,23.0
1147,1.2791862138775008,3.3710548536209606,23.0
1148,1.1436492564315932,3.9678101497477685,23.0
1149,1.5598423714679062,3.691974621549127,23.0
1150,0.8808605612258829,4.248738519130846,24.0
1151,0.9059509531602321,4.336713750937641,24.0
1152,0.9019243608871994,4.257088639989037,24.0
1153,0.885962365391417,3.6256227214428978,24.0
1154,0.8629088407329112,4.532625879836502,24.0
1155,0.969224076285185,4.225089576684396,24.0
1156,0.8580121802694924,3.8182759488734317,24.0
1157,0.9193280861015384,3.9234241659968783,24.0
1158,0.8785372877363126,4.464159257645485,24.0
1159,0.9521447805483323,4.187367059120537,24.0
1160,0.8438735116430107,4.106491826754601,24.0
1161,1.1339502201632237,4.397114171816549,24.0
1162,0.9407225956397414,4.2666904369783065,24.0
1163,0.9110545415472264,3.8145589501037436,24.0
1164,0.898160250236676,4.748504494603997,24.0
1165,0.8574191506977976,4.243904645331399,24.0
1166,1.002374869221536,4.445101627843134,24.0
1167,0.9530213830916602,4.2089783475041616,24.0
1168,0.9282702108066473,3.975530514992887,24.0
1169,0.8294179129224802,4.066220970049694,24.0
1170,0.9749459966241422,4.427528327992491,24.0
1171,0.9763201959451429,4.115018983040621,24.0
1172,1.045779490594904,4.392588483366386,24.0
1173,1.0118136837405023,4.638810631294765,24.0
1174,0.8893306950240213,3.8949683234153047,24.0
1175,0.8488978220742147,4.672498381637546,24.0
1176,1.0393197468505486,4.43663571226943,24.0
1177,0.9423175422952487,4.229681515485501,24.0
1178,0.7795209323473058,4.043619015674696,24.0
1179,0.9766239837401962,4.327426584849431,24.0
1180,0.8947706070167253,4.414672169452759,24.0
1181,0.8411482678686012,3.9770025793294517,24.0
1182,1.0314634568799377,4.1516265123780896,24.0
1183,0.8764815892036992,3.613102442720194,24.0
1184,1.0015439487495221,4.015732762094445,24.0
1185,0.8528614169782958,4.3444630780818665,24.0
1186,1.0169470339172706,4.075920990741858,24.0
1187,0.8898556140899598,3.8537385588707163,24.0
1188,0.9936094311279493,4.4996874422132,24.0
1189,0.956946631138526,4.6221888291134015,24.0
1190,1.0816568175634398,4.239573076875467,24.0
1191,0.9465330953335784,4.137560375035367,24.0
1192,0.8864439086223601,4.4448753513296655,24.0
1193,0.9288449287067956,4.203649881789687,24.0
1194,0.9198852784159823,3.920583175219359,24.0
1195,0.9014817849824205,4.16846846023324,24.0
1196,0.9946062891857759,4.07755845533382,24.0
1197,1.0245563334012016,4.01360281419898,24.0
1198,0.930842244052047,4.08116687801438,24.0
1199,0.9110333933509704,4.506741251505304,24.0
1200,1.8340645933133402,2.646267788649639,25.0
1201,1.878312556880514,2.358729187143672,25.0
1202,2.3568440323090725,2.5837355413727754,25.0
1203,2.195595842997621,2.410777289357024,25.0
1204,1.8509367074590197,2.2531746507581922,25.0
1205,2.2724946189594393,2.472685452228535,25.0
1206,2.070625825296045,2.5627080232764268,25.0
1207,2.0912326964101227,2.767398517307342,25.0
1208,2.075917888360809,2.695580479541909,25.0
1209,2.203560262482433,2.7633356639887436,25.0
1210,1.856173313185351,2.740686746053408,25.0
1211,1.8750904786659794,2.7306306353985303,25.0
1212,1.8067843362293758,2.6262614806828313,25.0
1213,1.935284302276686,2.8832823502151066,25.0
1214,2.195824144014109,2.3998565131089697,25.0
1215,2.444435057028946,2.87244088385739,25.0
1216,1.8972517240498517,2.676866927542372,25.0
1217,1.7823992585152029,2.7559155306571577,25.0
1218,2.2359982633047784,2.7232707688123226,25.0
1219,2.0396526403834474,2.868640227134848,25.0
1220,1.8834202165520832,2.364887908006173,25.0
1221,2.061311467599047,2.78520253585629,25.0
1222,2.0295551322057075,2.5004564938026044,25.0
1223,1.9673252443166371,2.5617443694720583,25.0
1224,1.9351892173946081,2.4909231987614713,25.0
1225,2.264933056384051,2.3716017035458976,25.0
1226,2.0865808505014565,2.564327214735561,25.0
1227,2.2048082564905447,2.499452099135607,25.0
1228,1.840300145240531,2.4437624165253053,25.0
1229,2.18821170912069,2.946469569219772,25.0
1230,1.948305159028492,2.833088757396823,25.0
1231,1.9544255081888355,2.5080618484026185,25.0
1232,2.101191659322317,2.699360690502444,25.0
1233,2.0548931843823355,2.5704460938010265,25.0
1234,2.2600746715124913,2.389592151720873,25.0
1235,1.8840598173134468,2.6411673916795175,25.0
1236,2.1094437851819268,2.767447232618487,25.0
1237,2.092074359538549,2.382386643208252,25.0
1238,1.893193517278443,2.6867301689045067,25.0
1239,1.8948705829114347,2.9015656842450435,25.0
1240,1.9910469708320275,2.737739441252595,25.0
1241,1.9349757594266028,2.646321007242105,25.0
1242,1.5512817979529765,2.4525281591489785,25.0
1243,2.173698579599099,2.74324488169222,25.0
1244,2.0631339233282215,2.8348264442606133,25.0
1245,2.1848284795674933,2.3241177790119405,25.0
1246,2.109620470562031,2.562974780089554,25.0
1247,2.039791673100158,2.44138488249993,25.0
1248,2.0547149492959367,2.482650814579377,25.0
1249,2.2637016248821036,2.6681376986815946,25.0
1250,0.9454933173914906,3.8526562156759603,26.0
1251,0.8736324361802487,3.7460295204668945,26.0
1252,0.7700145952103488,4.053621295427454,26.0
1253,0.772894603017647,3.679110398519758,26.0
1254,0.8492221844260931,3.8160918588265935,26.0
1255,0.8196886601650125,3.9688994538068934,26.0
1256,0.8695745215815912,3.7365546260848808,26.0
1257,0.8155697076762779,4.123402550569543,26.0
1258,0.8470211311025542,3.840024949138214,26.0
1259,0.8214488088506822,4.1951101505898345,26.0
1260,0.786440666301203,4.30703350516299,26.0
1261,0.8717379251215416,4.621444878116416,26.0
1262,0.7112897554225077,3.552913067212742,26.0
1263,0.8218998097559984,3.841777546787893,26.0
1264,0.7612744924704744,3.7328365745821563,26.0
1265,0.7331631419866498,4.054092989337773,26.0
1266,0.7311566388940411,4.330032583402198,26.0
1267,0.8766597064766861,3.4764235319976855,26.0
1268,0.6656732792393084,3.9047412881418397,26.0
1269,0.9109892170418832,4.283298812448543,26.0
1270,0.832481706226119,4.069144675831089,26.0
1271,0.7433110026359894,3.9233618575520723,26.0
1272,0.7390466632557702,3.8346514467657347,26.0
1273,0.807040998204294,3.985796382051208,26.0
1274,0.9164107416071248,3.9426794671928285,26.0
1275,0.8371901756036711,3.7475128532354045,26.0
1276,0.9476514702540393,3.688599901085217,26.0
1277,0.9493041428081088,4.228647473334185,26.0
1278,0.7475990646733924,4.046811823037472,26.0
1279,0.7481185834525685,4.109365083621348,26.0
1280,0.8641607215076175,3.8832380710098415,26.0
1281,0.7578028517097877,3.838996998188025,26.0
1282,0.8265063018778271,4.459830888113951,26.0
1283,0.80199106687565,3.8964089984256995,26.0
1284,0.8662596774253919,4.190876212045577,26.0
1285,0.8221638159896856,3.835508688000865,26.0
1286,0.8157728015125064,3.9592148152778055,26.0
1287,0.8732952110800839,3.591159023063611,26.0
1288,0.7824746169618713,4.048325514846209,26.0
1289,0.8018874399872203,4.1469457212878975,26.0
1290,0.7526400978491615,3.815511297784286,26.0
1291,0.7699348143368998,3.6397385365274495,26.0
1292,0.8426506974415915,3.952579779642762,26.0
1293,0.7159948559654591,3.920379487940876,26.0
1294,0.86190655262546,3.8077848825413003,26.0
1295,0.8050112588592109,4.195691822278912,26.0
1296,0.7248072358273294,3.801477552250926,26.0
1297,0.9648645298659051,4.133820203756838,26.0
1298,0.8588530817504424,3.608027192893109,26.0
1299,0.8118069194612785,3.427419443796408,26.0
1300,1.1270666173252843,4.433898022635312,27.0
1301,1.0538180882536698,4.246897391388008,27.0
1302,1.1047715702966454,4.322019843727312,27.0
1303,1.089505559026802,4.552397670421406,27.0
1304,1.1600342246976305,3.862289549296629,27.0
1305,1.0726901126160282,4.305113993723382,27.0
1306,1.1408305967173127,3.966708456374744,27.0
1307,1.0773083442007205,4.165656581216626,27.0
1308,1.162626417073147,4.533984724312433,27.0
1309,1.1987093765308872,4.468402220676227,27.0
1310,1.1542996929038274,4.084370011968923,27.0
1311,0.976959131207711,4.320911426741885,27.0
1312,1.123378580549727,4.645697757790626,27.0
1313,1.1427464629673016,4.148163004172806,27.0
1314,1.1234280783556878,4.1385219337124655,27.0
1315,1.2370022951853872,3.915062932413256,27.0
1316,1.0521161519545867,4.074836513727078,27.0
1317,1.4228709907177057,4.420166881135515,27.0
1318,1.1175397486039378,4.190377037716224,27.0
1319,1.090468967904962,4.453469723585166,27.0
1320,1.260387403024325,4.142659747532094,27.0
1321,0.9982578023563806,4.096417137701414,27.0
1322,1.0431007219636392,3.9294534018180904,27.0
1323,1.0957164227687228,3.953230328535156,27.0
1324,1.1942439420254392,4.595958971166888,27.0
1325,1.1089882850183705,4.679865823125619,27.0
1326,1.1942815287486257,4.162038277636701,27.0
1327,1.0699763461087863,4.17746788794073,27.0
1328,1.2501454691241942,4.3022810657010755,27.0
1329,1.259211210297221,3.836686374580072,27.0
1330,1.1622416702408214,4.191328644502686,27.0
1331,1.0270695818943516,3.728124986356622,27.0
1332,1.209143306295795,4.256377104677351,27.0
1333,1.0262995727313997,3.994203580276252,27.0
1334,1.1846574072987555,4.968366234996951,27.0
1335,1.2167382523220227,4.155514845056415,27.0
1336,1.0015766454634638,4.336840337478799,27.0
1337,1.0826886200029129,3.5067007966517147,27.0
1338,1.0755415872479301,4.135531649253974,27.0
1339,0.9136527505571598,3.837506127983095,27.0
1340,1.1591950767357027,3.9549193634193776,27.0
1341,1.1632341468747025,4.258721653281302,27.0
1342,1.0440220015129622,3.940333442947768,27.0
1343,1.1404415016790692,4.173031751824106,27.0
1344,1.135203948472383,4.614713063000033,27.0
1345,1.1242514490974158,4.155557352699114,27.0
1346,1.122867537671489,3.8239152328634174,27.0
1347,1.0998190838421367,4.453996234880172,27.0
1348,0.9020589247354192,4.205006625360855,27.0
1349,1.2777966903490774,4.1569457625159165,27.0
1350,2.1829215734150504,1.0055468466226276,28.0
1351,2.2093432953735936,0.9402692599060045,28.0
1352,2.1321953827178732,0.913192301094578,28.0
1353,2.1785976991137272,0.9844876610942858,28.0
1354,2.223476221849079,1.0004062756138035,28.0
1355,2.1946110238280867,1.005681599573836,28.0
1356,2.0996825293764343,0.9112357958806039,28.0
1357,2.01623856909325,0.9418352587586998,28.0
1358,2.333085160911225,0.8873084563679933,28.0
1359,2.235300429784166,0.9851606862441398,28.0
1360,2.2509035477297785,0.8143313592192423,28.0
1361,1.8725526736663722,0.8860679924537709,28.0
1362,2.3410120820719063,0.9504073185342221,28.0
1363,2.1619005707027417,0.9415779583184545,28.0
1364,2.0992598198668673,0.9490613466949691,28.0
1365,1.9435917284460726,0.9497714738836246,28.0
1366,2.3602960466730027,0.964757024476484,28.0
1367,1.986239508383319,0.9929739081138286,28.0
1368,2.1207012061741657,1.0201834317982201,28.0
1369,2.0800820016274773,0.8789428521675413,28.0
1370,2.0537717522367758,0.9010865773364803,28.0
1371,2.2805997670210956,0.9980076707186962,28.0
1372,1.6695185610900842,0.9452950884365535,28.0
1373,2.149571663550965,0.8734639513814102,28.0
1374,2.1093756405243425,0.9019007816264872,28.0
1375,2.1848035914493997,0.9371740024221811,28.0
1376,2.0682896129880906,0.978740302117706,28.0
1377,1.943709542463767,0.9021674893832193,28.0
1378,2.0006742510411217,0.9797780640161596,28.0
1379,2.318659253776154,0.837407962701952,28.0
1380,2.3114650301290296,0.8860500339099302,28.0
1381,2.2701273921312533,0.8468234105257656,28.0
1382,2.22616214047226,1.0411954829241414,28.0
1383,2.1421677528084246,0.898409482813903,28.0
1384,2.087045529325713,0.970113320787817,28.0
1385,2.0936148863496244,0.8612848679752133,28.0
1386,2.061469217191209,0.9485488114637901,28.0
1387,2.084509347720553,0.9278269208938731,28.0
1388,2.225003677714391,0.9566883439582863,28.0
1389,2.1899830594183247,0.946850722872641,28.0
1390,2.2286833650129867,0.927475639316064,28.0
1391,2.0360244277667716,0.9158101239931976,28.0
1392,1.9598760044009995,0.8346436729299518,28.0
1393,1.9842973775176476,0.8847157061924033,28.0
1394,2.110268183329969,0.8500578983374946,28.0
1395,1.891357374016797,0.784067919689562,28.0
1396,1.9354843967822724,0.9731228463948975,28.0
1397,2.2518937266267147,0.9864074534717713,28.0
1398,2.159464438135743,0.9398897878700836,28.0
1399,2.1112335095225947,0.8450586151347247,28.0
1400,1.1883750590451079,4.468098368980404,29.0
1401,1.0397255675708874,4.1870174552431,29.0
1402,0.9773642038455889,4.423991345852538,29.0
1403,0.9872830899034191,3.693117927714804,29.0
1404,1.0130857166304583,4.2213810513454595,29.0
1405,0.9252036805048931,4.588008841569965,29.0
1406,1.1124669120182957,4.103993143407832,29.0
1407,0.8566991358425589,4.3384582072884275,29.0
1408,1.0992068807117852,3.9416559390883514,29.0
1409,1.1017046091748643,3.7672469279029386,29.0
1410,1.188877579952215,4.592978989294058,29.0
1411,1.0451388942538675,4.431082358640363,29.0
1412,1.3038437862125314,3.86808812194351,29.0
1413,0.9991375048486196,4.354416170116114,29.0
1414,0.9270932887528944,4.779595000196767,29.0
1415,1.1765883565780886,4.481589785923989,29.0
1416,1.0915882382192164,4.261495656309293,29.0
1417,1.01068863188372,4.502041255317931,29.0
1418,1.0370948023528306,4.43516148627894,29.0
1419,1.032118051260269,4.175532342387497,29.0
1420,1.076239746394587,4.3326655913015655,29.0
1421,0.9892494246160414,4.743118143421793,29.0
1422,0.9153629879894447,4.122829310701303,29.0
1423,1.1686579792179712,4.422513033798994,29.0
1424,1.2116119721438516,4.488151729277154,29.0
1425,1.1756573149991714,4.435902914912305,29.0
1426,1.0792495833373539,4.184807056336653,29.0
1427,1.0048552951527563,3.693507487708816,29.0
1428,1.0115542255180168,4.258433855134505,29.0
1429,1.1142912010500634,4.26565846791474,29.0
1430,1.0160285383924401,4.010649396762641,29.0
1431,1.1004596331550647,3.9859230788776396,29.0
1432,1.0692149909759727,3.8455604135534345,29.0
1433,1.1953729853924646,3.967026180293925,29.0
1434,0.9875403020333985,4.121835770474918,29.0
1435,0.9429825427285561,4.415788149720894,29.0
1436,1.005407749249644,4.316574687836338,29.0
1437,1.0817683679538486,4.150942499975473,29.0
1438,1.1029813909078163,3.9547606752035858,29.0
1439,1.1658880156290006,4.145794175154136,29.0
1440,0.9273052156967463,4.256991392338143,29.0
1441,1.21191903630749,4.426968380267165,29.0
1442,1.0240810384933547,3.7839406680173835,29.0
1443,1.1837567719826192,4.256189566142193,29.0
1444,1.0868617994842096,3.823450900493727,29.0
1445,0.9141291116978602,4.612454464248218,29.0
1446,0.9749541198353576,4.2898974401688745,29.0
1447,0.888756467504602,3.6364682569600126,29.0
1448,1.0028763040731585,4.859284791343598,29.0
1449,1.1071856498223724,4.144863760058866,29.0
1450,2.0260014841110934,3.1746446253535074,30.0
1451,1.9724572851515987,3.381136525736043,30.0
1452,2.098587466803753,3.3114810286147693,30.0
1453,2.1095383322027477,3.204933409578933,30.0
1454,1.9838747853228746,2.9494753705995067,30.0
1455,1.868228172183927,3.542312600597629,30.0
1456,1.9486167475686802,3.490192480026917,30.0
1457,1.9476228569968135,3.863252193013018,30.0
1458,2.1860540335667014,3.3592444116094637,30.0
1459,2.1552432747816397,3.5644156476827247,30.0
1460,1.8880038252533562,3.459391779904947,30.0
1461,1.7481693391566093,3.5232554600528974,30.0
1462,1.871907767796367,3.524785493461543,30.0
1463,1.802942370758313,3.5904007908421285,30.0
1464,1.7102238722783918,3.405262990530154,30.0
1465,1.7872176230416879,3.3712290897560995,30.0
1466,1.9348833765598614,3.572457965698449,30.0
1467,2.0369154204328175,3.381713054635948,30.0
1468,2.144389662358347,3.407651220451105,30.0
1469,2.0951709835250183,3.4908642073807625,30.0
1470,2.21152375180155,3.3729810410005676,30.0
1471,1.9031569547021583,3.1543594489349562,30.0
1472,2.0194505838742747,3.311667355965124,30.0
1473,1.854469254582985,3.0506364321830883,30.0
1474,1.877322537519033,3.136233820283027,30.0
1475,1.7625936490106031,3.2954331130586247,30.0
1476,2.0856392451695775,3.467624470943918,30.0
1477,1.4708264661276866,3.056726625257704,30.0
1478,2.0599428756412914,3.2107123244668223,30.0
1479,1.8597373924412037,3.254608493930951,30.0
1480,1.8518806902471956,3.0069244234398185,30.0
1481,1.963427372400441,3.4593205276802745,30.0
1482,1.83846400422869,3.475791486148993,30.0
1483,1.9046941106526405,3.307207571915449,30.0
1484,2.029212668566978,3.3486203871307323,30.0
1485,1.7297031040980548,3.350495796941855,30.0
1486,1.9628852327433632,3.1049582447322677,30.0
1487,1.7443042041726315,2.9670998735435896,30.0
1488,1.8668636149558635,3.199246028078353,30.0
1489,1.94511815463787,3.100407282521763,30.0
1490,2.10586206641483,3.5747938491449336,30.0
1491,2.2260330049841857,3.3413854814549806,30.0
1492,1.6006552278320074,3.318874433713759,30.0
1493,2.1844024428648057,3.4469391577771398,30.0
1494,2.158224473325296,3.364922067657711,30.0
1495,2.023060255773209,3.12199754099055,30.0
1496,2.0307822485469336,3.264841534786377,30.0
1497,2.1657843596423834,3.145036131020901,30.0
1498,1.8459947618101868,3.2270899174974326,30.0
1499,1.9549337779365066,3.472624541211055,30.0
1500,1.145881815764267,3.601180201566519,31.0
1501,1.128438183286187,3.7304001101466233,31.0
1502,1.3528152897861099,3.9330103370684864,31.0
1503,1.2475394784807678,3.665825169578146,31.0
1504,1.2841422212919038,3.6415363435973847,31.0
1505,1.2640786215327813,3.587463086189878,31.0
1506,1.4536928581270339,3.848659224789916,31.0
1507,1.4684704417339123,3.5618390770028165,31.0
1508,1.1378000869118023,3.4591115300329633,31.0
1509,1.3091083949488351,3.8293140790794613,31.0
1510,1.160825265110725,3.337547169769487,31.0
1511,1.3303634781524871,3.4450059103930446,31.0
1512,1.2750154224533703,3.5262928272109755,31.0
1513,1.2443987847021643,3.540475568056232,31.0
1514,1.2294590000740426,3.776130352290817,31.0
1515,1.2199404647822445,3.7470136655008495,31.0
1516,1.0960628164635833,4.067773958938226,31.0
1517,1.353333103673941,3.940629681619292,31.0
1518,1.3992239562847613,3.507680836279056,31.0
1519,1.4344936241965915,3.7776361773569964,31.0
1520,1.110867229849475,3.5034930678295706,31.0
1521,1.4275093447320362,4.215150495173125,31.0
1522,1.250799850133987,3.546292199980164,31.0
1523,1.1877644169432597,3.8527050322525986,31.0
1524,1.3436174367663187,3.996512769355382,31.0
1525,1.4322193289739449,3.9003696520208173,31.0
1526,1.2201554101799488,3.880600407957842,31.0
1527,1.1938774813666642,3.459971565415409,31.0
1528,1.2071744728059315,3.4811423507444594,31.0
1529,1.0812545509137215,3.137639761873982,31.0
1530,1.2764005681110149,3.560084595036527,31.0
1531,1.2047971682919416,3.3907670849322575,31.0
1532,1.2157889710879684,3.866290062246657,31.0
1533,1.1501939806879997,3.965709909298055,31.0
1534,1.295793379701179,3.215134328640679,31.0
1535,1.4099432776149305,3.407635936649275,31.0
1536,1.3629975387720035,3.9321340996492924,31.0
1537,1.2868568967341134,3.5066796945510634,31.0
1538,1.162821016270548,3.6560037863572306,31.0
1539,1.2238459295182706,3.6172634609607504,31.0
1540,1.23783316822122,3.783562759759356,31.0
1541,1.1445642119888213,3.0700931948647647,31.0
1542,1.0262344768038145,3.8572699531801415,31.0
1543,1.2119858783633917,3.682490386634588,31.0
1544,1.1860708859466376,3.698230194607676,31.0
1545,1.3593005703538308,3.9201049786523363,31.0
1546,1.2949282949782763,3.3267841282763997,31.0
1547,1.0931448947366904,3.876143723687575,31.0
1548,1.1319907247700252,3.9079698899751723,31.0
1549,1.2321472898754662,3.357089347300412,31.0
1550,1.2352273443488289,3.7416111797346514,32.0
1551,1.2534697709597773,3.9590685617942563,32.0
1552,1.1949598018300878,4.1624835753571565,32.0
1553,1.2070681818735314,3.64676111618639,32.0
1554,1.3170939509839823,4.266139313249515,32.0
1555,1.224245787230857,3.8137031179080947,32.0
1556,1.239965461917301,3.9704079023386485,32.0
1557,1.1292873415868203,3.7263509784056463,32.0
1558,1.2083174409213615,3.913891957991219,32.0
1559,1.1610225169456347,4.529726206899113,32.0
1560,1.155302153926099,3.808367634016159,32.0
1561,1.256066413619133,4.252670018663484,32.0
1562,1.2370427827293469,3.62946227686877,32.0
1563,1.1648854813196587,3.9663069056265576,32.0
1564,1.131286371934541,3.9495774981150364,32.0
1565,1.0981439033167695,3.7527011169642073,32.0
1566,1.0548445114091953,3.866551941623633,32.0
1567,1.1749245594192448,4.655037628577356,32.0
1568,1.1660224086198634,3.721027714862033,32.0
1569,1.3354350697066761,4.5880607171281955,32.0
1570,1.2906341561284258,4.637196394660416,32.0
1571,1.2406316729971105,4.521247963204035,32.0
1572,1.3242756357241767,4.082112776370803,32.0
1573,1.131550290132913,4.114638179049796,32.0
1574,1.2871831632556223,4.8057879941887025,32.0
1575,1.3174103371976276,4.112814287755447,32.0
1576,1.0584068116571752,4.2581071575199605,32.0
1577,1.153389037927982,4.354675224569733,32.0
1578,1.1801482150498845,3.5956588028401146,32.0
1579,1.2408614077423332,4.480955047994829,32.0
1580,1.2948991123027318,4.21445730644318,32.0
1581,1.2165796602091021,4.392966419257407,32.0
1582,1.2923675385053228,4.315501608949478,32.0
1583,1.0591174244421222,3.961317129515547,32.0
1584,1.311986517769041,4.393656942563584,32.0
1585,1.1300635752649093,4.056724646841254,32.0
1586,1.1668938473417647,4.484510949994481,32.0
1587,1.2896767031611738,4.2735980233438084,32.0
1588,1.1825779321184595,4.307532286069708,32.0
1589,1.3216441412491873,3.541588418308244,32.0
1590,1.236852859369674,4.234259847576535,32.0
1591,1.1773262165358784,4.428319383106799,32.0
1592,1.2883195929302154,3.8350288111640634,32.0
1593,1.348552880341946,3.795465558498783,32.0
1594,1.1222329737084409,4.2434029416878385,32.0
1595,1.1078602980463714,4.02801306056136,32.0
1596,1.0516654233024778,3.5704658790671018,32.0
1597,1.2263591069850401,4.268034657057126,32.0
1598,1.0255015829431582,3.571137327912811,32.0
1599,1.1356956222167454,4.435309078024385,32.0
1600,0.2950628148257747,4.689814647698825,33.0
1601,0.3514003199608829,4.092108455563149,33.0
1602,0.3977452084251526,3.641822234796509,33.0
1603,0.27069822631144225,4.239962032294358,33.0
1604,0.4581374328768274,4.4446844297621135,33.0
1605,0.35159591964825226,4.187346200373063,33.0
1606,0.3362259260461946,4.468965561326351,33.0
1607,0.4168271215978845,4.480214673922592,33.0
1608,0.3530208037037296,4.469650252970557,33.0
1609,0.37887972963672983,4.58911710233293,33.0
1610,0.38392789881971195,4.122088734431763,33.0
1611,0.3257578283109545,4.08244890901102,33.0
1612,0.3645630090151443,4.022554122231563,33.0
1613,0.39096566788289094,4.975629141551869,33.0
1614,0.41859350072386525,4.438121383213962,33.0
1615,0.41031721126008425,4.480904499181839,33.0
1616,0.36560896134519205,5.0615547894704855,33.0
1617,0.3446778039293376,4.331154732953315,33.0
1618,0.41260795379732695,4.560081465461919,33.0
1619,0.320163063024588,4.5146681989290105,33.0
1620,0.30609397058858046,4.4058226457636955,33.0
1621,0.4226429177095737,4.298487489691416,33.0
1622,0.41467282225632185,3.909968941768202,33.0
1623,0.399340294744353,4.4894031405680295,33.0
1624,0.3871622234244708,4.129928400070208,33.0
1625,0.316369549873326,3.982357696315983,33.0
1626,0.3333784499271141,3.801913647462418,33.0
1627,0.3702831593596291,4.551478355139332,33.0
1628,0.4097679844323852,3.816970185337052,33.0
1629,0.28094555632908,4.199032476626326,33.0
1630,0.3901468565966423,4.118475885951413,33.0
1631,0.40077942825721435,4.2751890299586135,33.0
1632,0.3890575407814225,4.048711848475593,33.0
1633,0.32990417721646614,4.242775429179078,33.0
1634,0.3013928975108871,4.384962444059053,33.0
1635,0.3569252365729082,4.029825466497952,33.0
1636,0.3377146198694863,4.933120565055677,33.0
1637,0.3649091393447736,3.9935211144464677,33.0
1638,0.4071558516610473,4.638214654297187,33.0
1639,0.30246086850176374,4.295534131238659,33.0
1640,0.3488889118269747,4.705933227516711,33.0
1641,0.3468467208727868,4.455792655587912,33.0
1642,0.3540957336975633,3.987673230038349,33.0
1643,0.342016343780711,4.085177321016325,33.0
1644,0.3650672390767748,4.359907502723873,33.0
1645,0.420313572831202,4.331449883735427,33.0
1646,0.4066262659919259,4.460189520221557,33.0
1647,0.3410307105499343,4.4191553892685205,33.0
1648,0.3627406500643606,4.494109204338749,33.0
1649,0.3961733829185615,4.001848208298255,33.0
1650,1.1993052123664272,3.9354770421547305,34.0
1651,1.2093143517331153,4.473231790536042,34.0
1652,1.1514431496676139,4.598816777410033,34.0
1653,1.2726426319082442,3.8958635535389368,34.0
1654,1.1881273898486617,4.5103138439439245,34.0
1655,1.3069266305360367,4.036592527369285,34.0
1656,1.0107002667148959,4.290914384233296,34.0
1657,1.1786586285199403,4.694249830009301,34.0
1658,1.2935199358263991,4.188227788774527,34.0
1659,1.3494496660887936,4.615470380172552,34.0
1660,1.3064456868956575,4.43167823606565,34.0
1661,1.188533984731381,4.5017663632116065,34.0
1662,1.1502541850023624,4.442425674695829,34.0
1663,1.4116692359509737,4.178383720464224,34.0
1664,1.2013922587877564,4.235203536150098,34.0
1665,1.2344174994882515,4.30635119670337,34.0
1666,1.4144766153056587,3.734684753379118,34.0
1667,1.4828602033584062,3.960762095169278,34.0
1668,1.2894416771859998,4.2596133822099524,34.0
1669,1.154206183201847,4.439523419012142,34.0
1670,1.2219427266424583,4.457799714581108,34.0
1671,1.145184429183087,3.6403058277719036,34.0
1672,1.216915408416832,4.202938302246834,34.0
1673,1.3740205125556397,3.8503211365711065,34.0
1674,1.1724480094604088,4.142843878784872,34.0
1675,1.2315494534446378,4.382601180050073,34.0
1676,1.3470460659391983,4.378898579912705,34.0
1677,1.4125976905021793,4.703002940039414,34.0
1678,1.243119399220173,4.389134459996669,34.0
1679,1.3483835679244316,4.338104603436868,34.0
1680,1.1747181415614183,4.152089001006195,34.0
1681,1.1201495165473867,4.362270142050658,34.0
1682,1.1156951116766398,4.14363986522186,34.0
1683,1.1122627556154248,4.717250768006806,34.0
1684,1.2560457235258924,4.404501970857616,34.0
1685,1.289165587921432,4.182230679780632,34.0
1686,1.2069628802571346,4.32231681032362,34.0
1687,1.2162437258755479,4.290059332355045,34.0
1688,1.0971578480440554,3.8972387812377347,34.0
1689,1.1793722894552319,4.131869778232874,34.0
1690,1.20773752414209,4.135687250108094,34.0
1691,1.083066743262318,4.1087139929296805,34.0
1692,1.1893890044613047,4.725197814988586,34.0
1693,1.2927061498965953,4.422927753290917,34.0
1694,1.2121400901154566,4.051470138347003,34.0
1695,1.2863015437766427,4.33070650906487,34.0
1696,1.285625884285693,4.320991375694343,34.0
1697,1.2516288815975223,3.9005570617219165,34.0
1698,1.1794586035820693,3.9099091320349837,34.0
1699,1.1952806306344812,4.161579885248788,34.0
1700,2.0474310010273697,3.6105688723659037,35.0
1701,1.632115128519336,3.637101277568474,35.0
1702,1.7178537793424347,3.390876536833171,35.0
1703,1.7775431484628093,3.445139449317442,35.0
1704,1.8487066620984425,3.4025700298196813,35.0
1705,1.9245037017879432,3.5251715942342923,35.0
1706,1.8257011043191933,3.5521255066215436,35.0
1707,1.67940869014275,4.034572044837069,35.0
1708,1.803265274494961,3.6456574659197947,35.0
1709,1.657382963671411,3.9101259685230945,35.0
1710,1.7456265716377712,3.693919599880253,35.0
1711,1.6583811608221055,3.6060937079893107,35.0
1712,2.1866222056878954,3.525387095652385,35.0
1713,1.972904239494961,3.4619702784935846,35.0
1714,2.022979474641853,3.7155817811079523,35.0
1715,1.8153593799141485,3.5523107441681696,35.0
1716,2.015371170972389,3.755580089577755,35.0
1717,1.760331914286935,3.122632295323602,35.0
1718,1.9890080473945335,3.5784247948601378,35.0
1719,1.8980309175919503,2.944605110279154,35.0
1720,2.1390435596622996,3.761918539439249,35.0
1721,1.4784743867075576,3.301915077663534,35.0
1722,1.9109108995706707,3.694840531526286,35.0
1723,1.7152797778124687,3.1556178955229783,35.0
1724,1.8275836716563023,3.443180395408756,35.0
1725,1.7900459840540268,3.497155694460034,35.0
1726,1.7365570524388052,3.7329577674116994,35.0
1727,2.043693802099985,3.6868597748767638,35.0
1728,1.800042406860971,3.2962347063835127,35.0
1729,1.8318893880507712,3.5719195934849197,35.0
1730,2.0132205385626096,3.737830234721657,35.0
1731,2.153879652138702,3.376693290718646,35.0
1732,2.041438398959583,3.6450648914480412,35.0
1733,1.7279702037420346,3.435861481900898,35.0
1734,1.8960337291204583,3.6737716886476943,35.0
1735,1.808868630776058,3.690585558753859,35.0
1736,1.9236550557837424,3.241750925845394,35.0
1737,1.6351404957075681,3.6174138734874184,35.0
1738,1.7567593051943353,3.425851270463103,35.0
1739,1.8036804803649265,3.4762761960176776,35.0
1740,1.8825955932936984,3.323648453911119,35.0
1741,1.8737580914598146,3.874697926135859,35.0
1742,1.6386715125515792,4.049393010311341,35.0
1743,1.8102787249581411,3.8099135791770027,35.0
1744,1.6833556084753507,3.5002443676069044,35.0
1745,1.7180674316151385,3.3140883119165903,35.0
1746,1.9646291000054539,3.500174086690071,35.0
1747,1.7938861821884702,3.9713321416327583,35.0
1748,1.913517155124879,3.670193416687467,35.0
1749,1.6843244551964467,3.588171796192388,35.0
1750,0.6590856343632665,4.116753504774456,36.0
1751,0.5505103439813039,4.16825254256398,36.0
1752,0.6416962578335232,4.466380149034187,36.0
1753,0.5413919927553372,4.357606294824868,36.0
1754,0.6876190512406094,4.473623820244173,36.0
1755,0.582708088252376,4.23685478044635,36.0
1756,0.6102452960555997,4.417242680581853,36.0
1757,0.6297567907560051,3.7798729920845386,36.0
1758,0.6032396970852038,4.13723203107885,36.0
1759,0.6518940594361275,4.383051025269117,36.0
1760,0.6019266340915362,4.964111114083342,36.0
1761,0.7224190957564799,4.047266752799942,36.0
1762,0.6932762962551747,4.478183374723279,36.0
1763,0.5291821722632432,4.30091973415402,36.0
1764,0.6647828188303467,4.549468217742214,36.0
1765,0.6724653142647695,4.288042425687354,36.0
1766,0.5925251057645748,4.3171906102472235,36.0
1767,0.6959971133190628,4.54696143675272,36.0
1768,0.6382239703866741,4.162633057264012,36.0
1769,0.6297500752338987,3.9122086825085836,36.0
1770,0.5600494498491592,4.204600605062854,36.0
1771,0.713725008693553,4.32983207383256,36.0
1772,0.6516414248828736,4.402405049134795,36.0
1773,0.6255139422129852,4.283353835794374,36.0
1774,0.6204628221553392,4.143051660107162,36.0
1775,0.5392652492959545,3.5690786561653565,36.0
1776,0.6083378205994369,4.026544863170383,36.0
1777,0.6548639516646606,4.135403714190721,36.0
1778,0.6177776639695977,4.747214977330133,36.0
1779,0.5371456845165289,4.581598366393169,36.0
1780,0.5964134011868784,3.5677376031607393,36.0
1781,0.5766171023514495,3.8654245103700156,36.0
1782,0.644540558698071,4.335727217283137,36.0
1783,0.6308995447957297,4.586945640704528,36.0
1784,0.595222812416962,4.391365892123897,36.0
1785,0.6704496915601392,4.573219262051895,36.0
1786,0.6203955060586229,3.6790448212048146,36.0
1787,0.6551968277373252,4.547858671372313,36.0
1788,0.7980117869615638,4.0147702475223035,36.0
1789,0.5785476765642773,4.2583725374400645,36.0
1790,0.6697280709505691,3.7653576960583233,36.0
1791,0.631562412983736,4.05502443997895,36.0
1792,0.5748901229764868,3.952755181872973,36.0
1793,0.6295212239253545,3.744877797407972,36.0
1794,0.669934131668282,4.623459037525718,36.0
1795,0.6174271291905106,4.628031418488686,36.0
1796,0.7200009878872591,4.382205149082007,36.0
1797,0.66109817662788,4.653917172131663,36.0
1798,0.5668871766563903,3.6194102475927794,36.0
1799,0.7630801852500535,3.8525769716147775,36.0
1800,1.4231516157133652,3.9993718469013,37.0
1801,1.3958676298327362,3.279766679114351,37.0
1802,1.5684306030368151,3.4786674265399493,37.0
1803,1.4600794604785288,3.6396643728454174,37.0
1804,1.2325751705739634,3.605601520308448,37.0
1805,1.348287468003541,3.7490506104414942,37.0
1806,1.4627687518422308,3.57178750982521,37.0
1807,1.479179342562605,3.7485055186911693,37.0
1808,1.4451447068905843,3.4830330362061326,37.0
1809,1.4238997755729654,3.408410592833188,37.0
1810,1.526599002248589,3.9292586976559014,37.0
1811,1.4624445296167587,3.8596866983830487,37.0
1812,1.3487931854987845,3.842737600995534,37.0
1813,1.4459011639322517,3.9883135544715285,37.0
1814,1.4837288051462487,3.6158549715772956,37.0
1815,1.3624640348571597,4.039133755597266,37.0
1816,1.4721919252706999,3.33099368579148,37.0
1817,1.549919939194423,3.8735097649697066,37.0
1818,1.3773444335396565,3.819535495056047,37.0
1819,1.4064783102717422,4.164184558841366,37.0
1820,1.5232249076307227,3.4611218228825633,37.0
1821,1.357495015290094,3.480515490847339,37.0
1822,1.6319425668106144,3.538379336767453,37.0
1823,1.593214651054978,3.277574656220416,37.0
1824,1.477349156694067,3.796620506747247,37.0
1825,1.249855803398582,3.191855893833158,37.0
1826,1.3400206568609088,3.5997004432972792,37.0
1827,1.3852307462196223,3.705820333574246,37.0
1828,1.5173458600643164,3.848698513627304,37.0
1829,1.3291949632863536,3.6210367503261223,37.0
1830,1.3664944213623964,3.8122405559969037,37.0
1831,1.5805154603754632,3.5512007755059507,37.0
1832,1.5906509504200306,3.963164296638168,37.0
1833,1.4485979510771088,3.337618974550437,37.0
1834,1.4903669552189436,4.077218656622549,37.0
1835,1.43101573302224,3.9190210547897144,37.0
1836,1.4041219485350216,3.7532429055300276,37.0
1837,1.433487940619152,4.018918170496894,37.0
1838,1.3936741474020506,3.6942952645738183,37.0
1839,1.4053637766748692,3.806321789855126,37.0
1840,1.3961339825481915,3.507886473101478,37.0
1841,1.684785719619232,3.4808682688038064,37.0
1842,1.5669568914411842,3.8587769275548838,37.0
1843,1.445852210540445,3.7436359820845593,37.0
1844,1.4560324138088403,3.943373547547253,37.0
1845,1.311383834319529,3.655787431729128,37.0
1846,1.3879209322519672,3.3666257150081433,37.0
1847,1.4409929090145566,3.482131702355912,37.0
1848,1.6234543445530665,3.4659796544818926,37.0
1849,1.334394809033187,3.9548939990982444,37.0
1850,0.9615909273946056,3.921106803650227,38.0
1851,0.8277200606944882,3.329884800609724,38.0
1852,0.8585579264523945,3.722721040300146,38.0
1853,0.9161737462933142,3.6069230025750656,38.0
1854,0.8430902573576167,3.7336562407994234,38.0
1855,0.8972113930341369,3.637109088641926,38.0
1856,0.9113107312112732,3.9009825407849252,38.0
1857,0.882453448521673,3.551719043852893,38.0
1858,0.8025809235408935,3.9160164627522476,38.0
1859,0.8047854933761833,3.303182777750734,38.0
1860,0.8049816430538055,3.8117426309765414,38.0
1861,1.0342367920742905,3.7227948113124167,38.0
1862,0.916276917139872,3.465400179899576,38.0
1863,0.7717056931129188,3.81841074361196,38.0
1864,1.0483203761039888,3.9160751691889364,38.0
1865,1.0017722063883665,3.805928665171588,38.0
1866,0.7949405536818449,3.1366689307629487,38.0
1867,0.8955328521091711,3.9111013155740197,38.0
1868,0.9903481548955644,3.5773583557017368,38.0
1869,0.8326455730543185,3.862766157319287,38.0
1870,0.8331313971218377,3.8252350855684196,38.0
1871,0.7913764807552487,4.326183950627572,38.0
1872,0.8962843219625896,3.800515939635981,38.0
1873,0.8933613586002729,4.047724977619165,38.0
1874,0.9476218720119316,3.652319307408926,38.0
1875,0.7761373962469184,3.799202564104639,38.0
1876,0.8973548813727765,3.3736052890057895,38.0
1877,0.9653641977332305,3.791986668624028,38.0
1878,0.8421874199093025,3.916874284679307,38.0
1879,0.9689467135141404,3.0540617394951566,38.0
1880,0.8713768663782128,3.4682005361171435,38.0
1881,0.9770489669393417,3.6807350569465203,38.0
1882,0.7324534380934771,3.7745683968069037,38.0
1883,0.7925829130495529,3.8990212643802695,38.0
1884,0.8328223932695089,3.9881780839899528,38.0
1885,0.8588673704288707,3.2217297094575996,38.0
1886,0.9884145588181266,3.523488881548546,38.0
1887,0.838200558341532,3.841375519298269,38.0
1888,0.7918224989495194,3.465084732635016,38.0
1889,0.8356914182404412,3.3872313745658964,38.0
1890,0.7562271866454952,3.6962236717932098,38.0
1891,0.8558903357236495,3.694366978277827,38.0
1892,0.8461444267410034,3.988240053404492,38.0
1893,0.9208833102659993,4.0641134852090275,38.0
1894,0.8752381741351113,3.6797939714412764,38.0
1895,0.8166893539949148,3.7193491931109346,38.0
1896,0.8519803214621826,3.7782900765046765,38.0
1897,0.8124469763935217,3.866804909070107,38.0
1898,0.8796452921444972,3.681251212264344,38.0
1899,0.8833915403685904,3.326608178758932,38.0
1900,1.3649844751954539,3.4649438414070315,39.0
1901,1.270370912284647,3.68693571777833,39.0
1902,1.4146408792637741,3.4237335608124786,39.0
1903,1.3539825020393466,4.263873851544145,39.0
1904,1.3136717383909111,3.7464034691940373,39.0
1905,1.303682922530443,3.5404387110960047,39.0
1906,1.3029529861925915,3.102058038103663,39.0
1907,1.0592366638648953,3.479635059959423,39.0
1908,1.3986593792227864,3.5902991979235277,39.0
1909,1.3625782494198113,3.2998814509926473,39.0
1910,1.3201931802133686,3.7849720012109747,39.0
1911,1.3364544107774496,4.258345550937947,39.0
1912,1.1584169061389056,3.4693959152479876,39.0
1913,1.4489159054911038,3.786271504868448,39.0
1914,1.4423523884664595,3.5846205265701667,39.0
1915,1.2593097185718554,3.6396180264450684,39.0
1916,1.3425886141170322,3.488444516890249,39.0
1917,1.1378904701945691,3.6650495804836964,39.0
1918,1.3064192968676345,3.506600735087022,39.0
1919,1.2087715127839225,3.8575116324594614,39.0
1920,1.323678455002886,3.694096525273689,39.0
1921,1.37963774707358,3.9151637511135826,39.0
1922,1.2564627550610874,3.770653123334318,39.0
1923,1.3778809291207401,4.178333135677257,39.0
1924,1.2847837040792112,3.2082392834468108,39.0
1925,1.6941510257580579,3.2696339129596583,39.0
1926,1.1932790801300395,3.3897981479637007,39.0
1927,1.3834019728969342,3.8992497385458083,39.0
1928,1.2209565786750896,3.6301114714123415,39.0
1929,1.2125191715797365,3.9422208599155075,39.0
1930,1.2958732313942698,4.081526030868863,39.0
1931,1.196724630232876,3.827766147936097,39.0
1932,1.058144420902391,3.6296932569573332,39.0
1933,1.2304254239564225,4.402444752920958,39.0
1934,1.3786515164889939,3.5047005975297187,39.0
1935,1.3790558245008473,3.5945085834294392,39.0
1936,1.1496770002951335,3.632303388404062,39.0
1937,1.1100916952409015,3.3622543402234264,39.0
1938,1.2462101683776425,3.5142434088273675,39.0
1939,1.349743072707929,3.875192331865775,39.0
1940,1.3536183924560503,3.4697050111849483,39.0
1941,1.2700888480481844,3.8732890591340188,39.0
1942,1.1853417417162773,3.5031417587969886,39.0
1943,1.441561410827742,3.4201024088819656,39.0
1944,1.3507390972696984,3.923029413194401,39.0
1945,1.124603013012528,3.90561014282213,39.0
1946,1.285485943126943,3.3489611648672684,39.0
1947,1.1830170066309893,3.6454880638504115,39.0
1948,1.458252095806618,3.272029270868379,39.0
1949,1.262896389269757,3.673036481468564,39.0
1950,2.2738102977624637,2.6276523158003675,40.0
1951,2.4041575708703533,2.535368883531386,40.0
1952,2.5031102025831724,2.3441644305717033,40.0
1953,2.4948378919432193,2.5435676254134747,40.0
1954,2.254346779170439,2.396598890142874,40.0
1955,2.2847672983362903,2.481397770516083,40.0
1956,2.3175584912658818,2.4112529002351777,40.0
1957,2.1893946000779505,2.6404242590093,40.0
1958,2.166053066631109,2.6716498000378923,40.0
1959,2.2650619781600727,2.5987856321638643,40.0
1960,2.3277779506424543,2.6941041777345114,40.0
1961,2.220609989127398,2.752539282878816,40.0
1962,2.5430847698158447,2.587186971632769,40.0
1963,2.1726003036454564,2.722995746910356,40.0
1964,2.1978168416167576,2.3925117124943345,40.0
1965,2.2440775005379776,2.8407468291095097,40.0
1966,2.2492849323567343,2.5909945541569726,40.0
1967,2.561099288515922,2.519110703788046,40.0
1968,2.2248210421867594,2.719271580357952,40.0
1969,2.1764448182026856,2.7842320095075754,40.0
1970,2.3256727369876704,2.9004306129859665,40.0
1971,2.1740712136496256,2.719044270767709,40.0
1972,2.350542180706179,2.5056965291646933,40.0
1973,2.3905219746001354,2.666605576562935,40.0
1974,2.4226481154041157,2.6155692654236,40.0
1975,2.090505452104015,2.5774184150472266,40.0
1976,2.1382453749029535,2.6669919876037187,40.0
1977,2.3637675945239067,2.4676546890727917,40.0
1978,2.4313150047674714,2.3674948500854516,40.0
1979,2.4740727702894105,2.8013525457935784,40.0
1980,2.3575727799478208,2.4610489819405608,40.0
1981,2.3876484898452257,2.454331414701865,40.0
1982,2.0010925175003966,2.4003614998977008,40.0
1983,2.3254077364947254,2.5875586882848065,40.0
1984,2.2932251048227443,2.3491811400281506,40.0
1985,2.197284754477713,2.504982878501101,40.0
1986,2.250961313712676,2.937727701790111,40.0
1987,1.8554293991583455,2.712616343264997,40.0
1988,2.071617407043813,2.4838070288570027,40.0
1989,2.1983824011234145,2.87195584340823,40.0
1990,2.0378966277341064,2.7570975230327264,40.0
1991,2.2571445422397316,2.3977200411804893,40.0
1992,1.8915909626302834,2.0355517364085283,40.0
1993,2.1473470498085216,2.413835813107922,40.0
1994,2.2928804689087428,2.802108719765994,40.0
1995,2.1164457407078334,2.7080202790765853,40.0
1996,2.215087498315949,2.349225063649482,40.0
1997,2.0678530540089604,2.302025165596711,40.0
1998,2.4045541505776136,2.7979970723089482,40.0
1999,2.1862694653307204,2.570265205117881,40.0
2000,2.424729331250638,0.3596546174084323,41.0
2001,2.2231739856003117,0.4269169474185445,41.0
2002,2.500838543103696,0.40203825659499004,41.0
2003,2.2855989368391643,0.4021820290452807,41.0
2004,2.411159738997337,0.39114446551854387,41.0
2005,2.668641395176169,0.40561434868695995,41.0
2006,2.447161680507576,0.358967341221996,41.0
2007,2.816230872661807,0.40634918584147783,41.0
2008,2.322924859282253,0.41619046960213196,41.0
2009,2.4704583374522415,0.4297958332789139,41.0
2010,2.5951215805291694,0.37458422540049297,41.0
2011,2.30564195140936,0.37071748692536266,41.0
2012,2.322715402665682,0.42607090253868796,41.0
2013,2.425177774565118,0.41529141680543313,41.0
2014,2.633566988823939,0.4161216842502082,41.0
2015,2.668798829114919,0.40810823667739504,41.0
2016,2.4071925568671713,0.42614482292377887,41.0
2017,2.4091652525980547,0.43596554718655495,41.0
2018,2.5772402905705847,0.3558686677031094,41.0
2019,2.500456189105719,0.39996025539003704,41.0
2020,2.396375441357905,0.3642162471394558,41.0
2021,2.6874548123125264,0.3828858613068638,41.0
2022,2.4336640279530437,0.3831790039476475,41.0
2023,2.5743490989122244,0.4147295722738531,41.0
2024,2.354386592522281,0.4052684422148314,41.0
2025,2.452946233826252,0.41375174910038726,41.0
2026,2.4619973240068327,0.39065125752256985,41.0
2027,2.016238091427909,0.37445363261044273,41.0
2028,2.048499835429028,0.40299544528972164,41.0
2029,2.131695192341512,0.3951449666335677,41.0
2030,2.4294043006514783,0.4297777942086743,41.0
2031,2.246510007458774,0.3939241606892873,41.0
2032,2.120701533706038,0.4048387024683899,41.0
2033,2.569445137572829,0.3946264195407532,41.0
2034,2.548207760390163,0.4166541304141773,41.0
2035,2.1996797544626427,0.400947393090631,41.0
2036,2.5083169253996,0.4228006637359609,41.0
2037,2.3925390946849614,0.38287767843538817,41.0
2038,2.5011179014858835,0.39659582065729276,41.0
2039,2.620330532105153,0.41833999204628125,41.0
2040,2.4651609776185044,0.3937949003435835,41.0
2041,2.1040315647851853,0.40639070763554924,41.0
2042,2.5984645272937907,0.4194313457937575,41.0
2043,2.328031694885698,0.41664682832855965,41.0
2044,2.195465413078068,0.4021950530921591,41.0
2045,2.4924996939772748,0.40300856972109284,41.0
2046,2.557548533380296,0.40341136991760806,41.0
2047,2.332108457166517,0.36080905979811423,41.0
2048,2.4099215603222977,0.355270446466741,41.0
2049,2.306761772339345,0.45540806622460905,41.0
2050,2.371989596845387,1.963051425410335,42.0
2051,1.9343752227545028,1.9808547107839376,42.0
2052,2.259541982921699,1.9312423566467358,42.0
2053,2.0509817723877024,1.6173839013177442,42.0
2054,2.1035813387376363,1.9208258761399726,42.0
2055,2.1127732670146213,1.7920261602454346,42.0
2056,2.1318480003582634,1.722692624989764,42.0
2057,2.2355312189806607,1.9829350072770304,42.0
2058,1.9894225598016544,2.043306420213884,42.0
2059,2.1877800559512908,1.9664084925064313,42.0
2060,2.15237988805362,1.7697416739102763,42.0
2061,2.0633704960848935,1.8641278878882634,42.0
2062,2.339650760392827,1.7277033646997075,42.0
2063,2.4336705935333516,2.032447149321734,42.0
2064,1.935645630578929,1.9369519623577436,42.0
2065,2.2864984782240523,1.7673461297530881,42.0
2066,2.231177180376459,1.771260582322485,42.0
2067,2.3895769319252986,1.9495667209203713,42.0
2068,2.1873512451027657,1.824037155639612,42.0
2069,2.2018244113627286,1.644684699790989,42.0
2070,2.3303039578646025,1.758651997595701,42.0
2071,2.2125778268478467,1.8386725549821257,42.0
2072,2.1525507458192834,1.867110666024861,42.0
2073,2.1869879010030853,1.858288030693222,42.0
2074,2.0056855267355576,1.9115925422129443,42.0
2075,2.2237440905328967,1.7627867752552153,42.0
2076,2.1436793612302054,1.6278746297549995,42.0
2077,2.2503490392436847,1.8398503261345256,42.0
2078,2.3429376984190906,1.5926900688252301,42.0
2079,2.223611515957335,1.6868680558545102,42.0
2080,2.293067382030046,1.8806299818696517,42.0
2081,2.065758367091378,2.0091847718290543,42.0
2082,2.070143260175009,1.9088766200480933,42.0
2083,2.237132180258468,1.4301176783772465,42.0
2084,2.2586751129193887,2.146547393275598,42.0
2085,2.1978201409157583,1.8199284462479521,42.0
2086,2.5175961756005267,1.4304694859233686,42.0
2087,2.236002601403016,1.7083574659823386,42.0
2088,2.404919165892325,1.7051881582972004,42.0
2089,2.0755953792526096,1.807424970191674,42.0
2090,1.9225401236451618,1.7728143009452297,42.0
2091,2.2784582774945243,1.844232200177493,42.0
2092,2.0489193796458256,1.5689683307225637,42.0
2093,2.106777922268607,1.6916727744105722,42.0
2094,2.32813794923871,1.9096719699280689,42.0
2095,2.1687490399216496,1.7288652745543822,42.0
2096,2.39825343247283,1.804999441751898,42.0
2097,2.3977657341259233,1.814926921487259,42.0
2098,2.476706696297973,1.6595308819395496,42.0
2099,2.5164074362089517,1.878418437848458,42.0
2100,1.920928168690897,3.1962196909352008,43.0
2101,2.0807113406166997,3.1286990065099842,43.0
2102,1.8572508994342227,3.494666678057276,43.0
2103,1.5457025023639501,3.445247727706337,43.0
2104,1.6172212904040275,3.568506215002938,43.0
2105,1.8784464903113893,3.274831389440263,43.0
2106,1.8192408655661814,2.9782816695658716,43.0
2107,1.971785834929647,3.363006659647665,43.0
2108,1.866571298122871,2.953777440738853,43.0
2109,1.7168361191228363,3.3110540134400996,43.0
2110,1.6244712544862185,3.283750531899074,43.0
2111,1.9085125841693533,3.049307956357837,43.0
2112,1.8448689573454908,3.045988420256592,43.0
2113,1.77526941411058,3.2870734286077874,43.0
2114,1.7543034020100448,3.61680317986616,43.0
2115,1.5566752211840815,3.3245312476073403,43.0
2116,1.7947804745015676,3.4812532154080134,43.0
2117,1.8147628777576834,3.464537119616789,43.0
2118,1.8321184251429408,3.459391688421838,43.0
2119,1.839149220955801,3.6345925023602543,43.0
2120,1.750155691984661,3.204915000016688,43.0
2121,1.6118079581796803,3.1960348593321113,43.0
2122,1.7720823853440444,3.041332603520379,43.0
2123,1.6125059613754826,3.4462490767677725,43.0
2124,1.8426775937270725,3.4244901827405725,43.0
2125,1.8366249766194462,3.3154348637896915,43.0
2126,1.7163743016304456,2.867148136842405,43.0
2127,1.8616975430917342,2.880913019712603,43.0
2128,1.6547614105703112,3.17998413769468,43.0
2129,1.665141885212594,3.360007470845411,43.0
2130,1.6951043110450887,3.315411084011575,43.0
2131,1.7331509721764315,3.4324955460074458,43.0
2132,1.6463552991628922,3.2718383701664693,43.0
2133,1.8579463752242693,2.968869566407049,43.0
2134,1.7252030801028106,2.949178462620432,43.0
2135,1.7054342567943737,2.895797264763216,43.0
2136,1.8310472677438376,2.9774066845122613,43.0
2137,1.6581391151007252,2.9412257567744398,43.0
2138,1.9486188540334555,2.977769365352457,43.0
2139,1.7534362198679432,3.118555545222674,43.0
2140,1.803421914128275,3.1549706439346825,43.0
2141,1.8778744128760005,3.536356807459742,43.0
2142,1.6656501151228187,3.5289154572729897,43.0
2143,1.9031802172623347,3.413730776983582,43.0
2144,1.8401903227030898,3.550886132507871,43.0
2145,1.8736643242286526,3.331339367517024,43.0
2146,2.00822206687922,3.476304058687926,43.0
2147,1.74444206112574,3.1293219924525713,43.0
2148,1.7002306242935763,3.554861581449504,43.0
2149,1.7421594426708804,3.6219373616946844,43.0
2150,0.6048259481466473,4.582859892027554,44.0
2151,0.6058219616589895,4.519832850940617,44.0
2152,0.6346252558650687,4.060403702192378,44.0
2153,0.612969695110774,4.242683564101873,44.0
2154,0.6527970956113411,4.781529416687343,44.0
2155,0.5472058422287107,4.423209997169542,44.0
2156,0.6825646429481262,4.226365206333325,44.0
2157,0.5382668407641025,4.3615502044272025,44.0
2158,0.5630083954026904,4.053214100836541,44.0
2159,0.6059701509498612,4.765318179520987,44.0
2160,0.5808473817468829,4.064388482993502,44.0
2161,0.5651099878061189,4.650624427516826,44.0
2162,0.6791815879814901,4.471582170940573,44.0
2163,0.6664221838250262,4.484573271569566,44.0
2164,0.6720353129237383,4.299131153157916,44.0
2165,0.5960790090793403,4.018978887267929,44.0
2166,0.7339389374655613,4.387366709397776,44.0
2167,0.5634320583324031,4.169005355445109,44.0
2168,0.6952799134842351,4.433139892666282,44.0
2169,0.5473685400846184,4.361218973462926,44.0
2170,0.6554850751860843,4.314400865708098,44.0
2171,0.5566343812091499,4.315488433126564,44.0
2172,0.5813488863535252,4.510588484271542,44.0
2173,0.7068236998054092,4.734526001798835,44.0
2174,0.7042139747402141,4.449302341472661,44.0
2175,0.5482748219419665,3.9466310315172852,44.0
2176,0.6685397359180778,4.732441737340328,44.0
2177,0.5892263483871023,4.834721331285314,44.0
2178,0.5663631339888566,3.967239297083213,44.0
2179,0.5538653344056772,3.96633526691803,44.0
2180,0.6235680368607428,4.698585637095433,44.0
2181,0.5868237731223475,3.876930633057075,44.0
2182,0.5852275366171708,4.604487241680996,44.0
2183,0.5886101334318083,4.529767633418411,44.0
2184,0.6175999009893203,4.460863831479379,44.0
2185,0.5928411935307984,4.800345369352586,44.0
2186,0.596368539932228,4.82912144742007,44.0
2187,0.6201960378735942,4.611742147442157,44.0
2188,0.501479202758091,4.087873107180694,44.0
2189,0.5899767032225869,4.711430986958375,44.0
2190,0.6430966646120072,4.4506235982180655,44.0
2191,0.6271782672126577,4.282118675164611,44.0
2192,0.7032201280265223,4.479636614440965,44.0
2193,0.5374504820496722,4.07341707300985,44.0
2194,0.6744878678398992,4.579403576767639,44.0
2195,0.5809602295670673,4.006814164581521,44.0
2196,0.5320652342403323,3.9193920772111284,44.0
2197,0.6864498258357088,4.539982167700874,44.0
2198,0.5983686757539297,4.47761974460679,44.0
2199,0.6465162287704648,4.5078597803942895,44.0
2200,1.0564069669979705,4.163039452466009,45.0
2201,1.0947333745623673,4.545213233557068,45.0
2202,1.0319551039311348,4.6482805523171535,45.0
2203,0.9622812565015751,4.370069265370557,45.0
2204,1.0954624584244166,4.419835123321823,45.0
2205,0.8459622146303535,4.4350614199173615,45.0
2206,1.0027299817432251,3.909618848731622,45.0
2207,1.141836107214379,4.5018555748270765,45.0
2208,0.9501186065238063,4.806200389174099,45.0
2209,1.0012527677863146,4.292108574725043,45.0
2210,1.1094227859845978,4.630099281574672,45.0
2211,1.0829751108136518,4.725840474964559,45.0
2212,0.9588168500486605,4.325667102419051,45.0
2213,1.0176357599647288,4.738106839068228,45.0
2214,1.0987694141767586,4.224626646469068,45.0
2215,0.9368656202499495,4.383000397606242,45.0
2216,0.9525282340048146,4.229205681728301,45.0
2217,0.8953923698905103,4.602753312448323,45.0
2218,1.0180946991222832,4.549388833142477,45.0
2219,1.0568962020669754,4.093756190330255,45.0
2220,0.9722293088133628,4.033631688898656,45.0
2221,0.9473597126900649,4.061723909991624,45.0
2222,1.1428906939288976,3.8899325238085605,45.0
2223,0.9157289564158159,4.600153114706362,45.0
2224,1.1425427680722349,4.2781830190428805,45.0
2225,1.0486001346247946,4.393146924571396,45.0
2226,0.9720321342182925,4.30128396560038,45.0
2227,0.8614047261716222,4.464010657086488,45.0
2228,0.9503502312483117,4.431811096138708,45.0
2229,0.8868218764345637,4.436533551402862,45.0
2230,0.9311516478304355,4.361911787138542,45.0
2231,0.9539153986133181,4.880817459023943,45.0
2232,0.9333720089023393,5.02227783112445,45.0
2233,1.049466074310602,4.633059401317744,45.0
2234,1.0790061245635876,4.1760137991623,45.0
2235,1.061592481959968,4.564296184756186,45.0
2236,0.9016673635189365,4.071093169447477,45.0
2237,0.9416872622217958,4.416861524546282,45.0
2238,0.9310159452327772,4.5402131479333505,45.0
2239,0.8039432324881682,3.9707347110011684,45.0
2240,0.9613760120278982,4.5935938621494765,45.0
2241,1.03484587156398,4.562789125336266,45.0
2242,1.1437584495207702,4.711641689692206,45.0
2243,1.0787136501207693,4.671939344892449,45.0
2244,0.9059751609248643,4.253349275886932,45.0
2245,0.911896198048558,4.206723788804128,45.0
2246,1.0630092913867473,4.4696796166532256,45.0
2247,1.0822384276247088,4.348404236726362,45.0
2248,0.8875753378866025,4.285571686700864,45.0
2249,0.9590060876364408,4.556652670012824,45.0
2250,1.815362285303352,3.0669633387034096,46.0
2251,2.0824605518791595,3.019689126490406,46.0
2252,1.91698148550759,3.185609753708835,46.0
2253,1.629376075143466,3.246828225095248,46.0
2254,1.8973903959626093,2.9299019425627044,46.0
2255,1.9815502835785286,3.076060601912624,46.0
2256,2.0751223272042085,3.164742247609678,46.0
2257,1.8342465458660733,3.6924457765256067,46.0
2258,1.9059790186023733,3.223801636238743,46.0
2259,1.8166339179738418,3.330350443379579,46.0
2260,1.8822191706374567,3.340878036046546,46.0
2261,1.8083261169718945,3.62955782534001,46.0
2262,1.9693030887701943,3.155534664745333,46.0
2263,1.7554572724777722,3.171462845902106,46.0
2264,1.8752094966532813,3.3128124270811,46.0
2265,1.8175626363515986,3.207870048501377,46.0
2266,1.648927081254567,3.120123975024873,46.0
2267,1.8820748902413935,3.010894921022079,46.0
2268,1.9510892428902498,3.5734243576797358,46.0
2269,1.9549604651785104,2.910078488475422,46.0
2270,1.6995709934538135,3.1998142927951387,46.0
2271,1.9456510216853253,3.009426057376502,46.0
2272,1.6262794564099994,3.3060346261860136,46.0
2273,1.9882429757320543,3.23018183359859,46.0
2274,2.1056929362539156,3.1975970625521772,46.0
2275,2.000731211824509,3.3101892708415916,46.0
2276,1.7145690030095504,2.767248176886335,46.0
2277,1.9601238782630066,3.6586713196468987,46.0
2278,1.911505685603063,3.534224493112649,46.0
2279,1.631312481800966,3.2810950466081015,46.0
2280,1.797655113904103,3.5407022161562134,46.0
2281,1.7519302037278741,3.199092396958541,46.0
2282,1.8892110065595813,3.1740078064723236,46.0
2283,1.7817023675168386,3.7303375496671407,46.0
2284,1.572782844705831,3.0963260716947594,46.0
2285,1.7397047863719266,3.1896454047551472,46.0
2286,1.6691370846714628,3.2905329551869085,46.0
2287,1.886119826656258,3.2322245106966734,46.0
2288,1.905560891157517,3.392821738598058,46.0
2289,1.6880421983021108,3.3945628031033834,46.0
2290,1.5076733528183492,3.4361482196178987,46.0
2291,2.133684753616398,3.1572880393199894,46.0
2292,1.6759267959814983,3.4990322098358764,46.0
2293,1.9104397517082237,3.1768945811117284,46.0
2294,1.87468302718495,3.299677162740016,46.0
2295,1.570454256443402,3.0055424133956756,46.0
2296,1.6856946443189647,3.2779281072223063,46.0
2297,1.7806353731732338,3.2900459371987782,46.0
2298,1.6615570375688313,3.4151288060662783,46.0
2299,1.9487773496797562,3.574767889021675,46.0
2300,1.789572572913346,3.3599736755698446,47.0
2301,1.5781692845902164,3.121584956737601,47.0
2302,1.6924570787476423,3.1421023483488977,47.0
2303,1.7734985929266978,3.0303278759724246,47.0
2304,1.9589569429609952,3.2435741467332107,47.0
2305,1.6896174843822804,3.279841647520285,47.0
2306,1.709989271167471,3.2556322121990626,47.0
2307,1.3757091793501008,2.8928379727550877,47.0
2308,1.36879024941636,3.263965381628,47.0
2309,1.5697620219273234,3.158833676397729,47.0
2310,1.7175950549771943,3.0682321670233565,47.0
2311,1.7123585798592922,3.49593605434125,47.0
2312,1.5336389380163187,2.948884675180609,47.0
2313,1.513287614321688,3.301077922179068,47.0
2314,1.5014847377270149,3.190813358997645,47.0
2315,1.5898795169839435,3.039920856511932,47.0
2316,1.7010905358193804,2.843161855995087,47.0
2317,1.779636090673605,3.1535107632824917,47.0
2318,1.7588020696696152,2.9661701023836184,47.0
2319,1.4951559392519853,3.2542223798827745,47.0
2320,1.7024090347137626,3.2753897180248353,47.0
2321,1.8723848340680918,2.83602899561338,47.0
2322,1.848148046798844,2.868832914513788,47.0
2323,1.7730426081687256,3.6041738435465764,47.0
2324,1.6980106716781724,3.38247627066357,47.0
2325,1.6711882871370063,3.32081156294725,47.0
2326,1.8784317199137486,3.2610604217095753,47.0
2327,1.7351637173807917,2.7944180705568735,47.0
2328,1.8169981302236122,3.0400098727172806,47.0
2329,1.6790989906356897,2.806545662821176,47.0
2330,1.7116382515738917,3.194804950500465,47.0
2331,1.800535897196694,3.102040379843423,47.0
2332,1.7676840829983038,3.23450396083208,47.0
2333,1.9177397345402254,3.430047883493638,47.0
2334,1.637177068760934,3.0312042796842182,47.0
2335,1.6469162015259513,3.1819517324571294,47.0
2336,1.4906863122838947,3.4083767389443116,47.0
2337,1.6251755262227678,3.2085600024346386,47.0
2338,1.7806200768003364,3.430187694947375,47.0
2339,1.6912729399473156,3.383561479137237,47.0
2340,1.6542942117990074,2.9357459385264404,47.0
2341,1.5607057745401276,3.2081553926843034,47.0
2342,1.76253148955454,3.417271293492498,47.0
2343,1.8325336215217094,2.8555264120862383,47.0
2344,1.6417175938119117,3.38033022770771,47.0
2345,1.4488473551212528,2.8312915159251615,47.0
2346,1.7325438739468029,3.4611058748175867,47.0
2347,1.7799343656431417,3.2152527440639154,47.0
2348,1.9154478455406507,3.367723347629797,47.0
2349,1.603094696317525,3.0195796714856433,47.0
2350,0.7949157154910861,4.350755652412411,48.0
2351,0.698648797619943,4.189147409454875,48.0
2352,0.8508334583133015,3.9088394607407624,48.0
2353,0.6865591331786094,4.587088401901649,48.0
2354,0.7165022511510367,4.470515006766214,48.0
2355,0.7131202018312865,4.47480808199482,48.0
2356,0.6550607251392072,5.0094401110283835,48.0
2357,0.7384015607893678,4.607437591724433,48.0
2358,0.6573253950377159,4.190118734946017,48.0
2359,0.7487198696863127,4.8491746597539915,48.0
2360,0.7042474854125943,4.398856936554954,48.0
2361,0.7146839710270111,4.023892160339673,48.0
2362,0.7452459829926973,4.400001959782045,48.0
2363,0.7483723170419359,4.60036175698457,48.0
2364,0.7464734260890823,4.189614858483531,48.0
2365,0.795885989935635,4.279144748717226,48.0
2366,0.6227494945090053,4.165194322621271,48.0
2367,0.7080715921391842,4.266309806977208,48.0
2368,0.6898733547369084,4.39699325541122,48.0
2369,0.6305558310437083,4.99047606734561,48.0
2370,0.7292116975315552,4.12967255074621,48.0
2371,0.7521059247440373,4.520146400230318,48.0
2372,0.718673675656617,4.039435959062227,48.0
2373,0.6972540209662488,4.108594787642035,48.0
2374,0.8008905498538978,4.30822845813466,48.0
2375,0.8037756064452939,4.4194804325121515,48.0
2376,0.8055250349787699,4.813716367605311,48.0
2377,0.7027763820437811,4.374382073789918,48.0
2378,0.6543602646755637,3.7793718176161466,48.0
2379,0.7475685651570909,4.702532289148122,48.0
2380,0.8381177044215115,3.7985120494293922,48.0
2381,0.6999802675189957,3.982555663221389,48.0
2382,0.7261749058433193,3.985351948676246,48.0
2383,0.6787026529077111,4.804496682241626,48.0
2384,0.7877856295257152,4.377411200265422,48.0
2385,0.7674579749142365,4.002038221095989,48.0
2386,0.7201480778017753,4.518854294931074,48.0
2387,0.7059051592203298,4.419628758314741,48.0
2388,0.7786650154903435,4.321927457640677,48.0
2389,0.756631454632479,4.64642462318648,48.0
2390,0.6954294475152182,4.412030937706059,48.0
2391,0.6441509856497039,4.571933285707489,48.0
2392,0.7630498422928257,4.359206482819634,48.0
2393,0.6395455810822697,4.390916975988753,48.0
2394,0.6729915037787791,4.047286556503109,48.0
2395,0.7509117914432936,4.14232734620447,48.0
2396,0.7224019479554347,4.232661126510642,48.0
2397,0.656709190105395,4.089963510418442,48.0
2398,0.6610257881100581,3.5805813495796173,48.0
2399,0.722458199842769,4.285427704306828,48.0
2400,0.8988612044537017,3.667323891004922,49.0
2401,1.0170385583002732,4.0777641320756945,49.0
2402,1.0657020135655628,3.6552713869630917,49.0
2403,1.0396038834482977,3.826447480703606,49.0
2404,0.9631593788457008,4.135300416051014,49.0
2405,0.9907306054671375,4.16714429336748,49.0
2406,1.0299715724629956,3.9673214759851323,49.0
2407,0.9017942875478303,3.6628841326796238,49.0
2408,0.818399771561019,3.994690210723929,49.0
2409,0.8923382348489637,3.805138403635627,49.0
2410,0.9722230006788949,4.053648389150289,49.0
2411,0.9913282530795328,3.7681103589371236,49.0
2412,1.0567704838853245,4.257067553902613,49.0
2413,0.92851275925179,4.101526444301295,49.0
2414,0.9020551169067458,3.8330698155883467,49.0
2415,1.0505471307729894,4.093159244329876,49.0
2416,1.015440950324804,4.033415470965649,49.0
2417,0.9643370927261077,3.9762238181080938,49.0
2418,1.0674539101036813,3.583468174874142,49.0
2419,0.9917125102588562,3.7015490276162306,49.0
2420,0.9727542986965334,3.8426360796404886,49.0
2421,1.0337297704455348,3.7994635187442722,49.0
2422,0.9939179595958201,3.8186263576265684,49.0
2423,0.986154791252912,4.308658700054376,49.0
2424,0.9998151579250997,4.391525362133889,49.0
2425,0.9223981354583455,3.9853705919853457,49.0
2426,0.8128199407913281,3.81884398946492,49.0
2427,1.0575910856390103,4.414000215030895,49.0
2428,0.880662337198105,4.204643933225552,49.0
2429,1.0165579699061085,3.7446168839104095,49.0
2430,0.9087327114019934,3.975792268474119,49.0
2431,1.0052919196240102,4.198020054572018,49.0
2432,1.0124313450268012,3.962159248824313,49.0
2433,0.9571500427425497,3.6530156606688653,49.0
2434,1.0364209770927175,4.047448320501486,49.0
2435,1.0683363394933465,3.309685895687772,49.0
2436,1.0322061123151354,4.370350470044344,49.0
2437,1.0430319037748312,4.6443655960576065,49.0
2438,0.9536454217115451,3.767700087147322,49.0
2439,0.8539925151300233,3.875941340904379,49.0
2440,1.0045660884529264,4.377081395831638,49.0
2441,0.8766956174618474,3.9647197093148936,49.0
2442,1.0488016457772102,3.9691208040438064,49.0
2443,1.0499375261407347,4.240195593217254,49.0
2444,0.8922424212482399,3.6970560489993862,49.0
2445,0.8744681601483949,4.227244999501876,49.0
2446,1.0480959872171036,3.8899574548814115,49.0
2447,1.073030427547271,4.22492908560439,49.0
2448,0.8571619446389991,3.8266882652811396,49.0
2449,0.893326117813593,3.9803835650132946,49.0
2450,0.9323962138678684,4.380428976552575,50.0
2451,1.0724711549626325,4.666488518757199,50.0
2452,1.096115891228966,4.437879286740831,50.0
2453,0.9665715238800402,4.534688683057027,50.0
2454,0.9585892891492966,4.20450248347908,50.0
2455,0.9990757645834891,3.5509371968989005,50.0
2456,1.1378926721121712,4.163528782479927,50.0
2457,1.1737529725080054,4.318811608207163,50.0
2458,0.9332948629586002,4.343982260606686,50.0
2459,0.9800564014935441,4.187866713272623,50.0
2460,1.0784504416057896,4.181687224900645,50.0
2461,0.8889363200882852,4.106594912415123,50.0
2462,1.1200958448164244,4.1087149470198066,50.0
2463,1.0688203662699602,4.591471542954356,50.0
2464,0.9183559256309408,4.270071434185808,50.0
2465,1.0868689245038572,4.176340792855905,50.0
2466,0.8721161757046225,4.25299476996975,50.0
2467,0.97473287910985,3.9962382879061034,50.0
2468,1.0510801528796507,4.154314636645189,50.0
2469,0.9791166047717199,4.521797221711137,50.0
2470,1.1610559732084496,3.703357847160147,50.0
2471,0.9590341110919557,4.276766106098576,50.0
2472,0.99751770903853,4.064934387842627,50.0
2473,1.1105590979877575,4.349685020614762,50.0
2474,0.9433771763766633,4.482784002390879,50.0
2475,1.0965192428074553,3.6876526067896505,50.0
2476,0.9615891792536504,4.071799467965524,50.0
2477,0.9388378182692514,4.009713534975645,50.0
2478,1.1624510321551622,3.9998921319710994,50.0
2479,1.0265197397493626,4.089356060493289,50.0
2480,0.9858448836467268,3.77567477785507,50.0
2481,1.1046615250087397,3.8602950016646944,50.0
2482,0.8746831562065944,4.172048756891463,50.0
2483,1.1259660526344906,4.479512205002267,50.0
2484,1.0983605913955516,4.054934342838441,50.0
2485,0.9783790366579604,4.547178823945995,50.0
2486,1.098495394787283,4.41568324055847,50.0
2487,1.0265028533110971,4.204784347048857,50.0
2488,1.1377070625382462,4.421133491193578,50.0
2489,1.022185270689687,4.557735585799464,50.0
2490,1.0156314646723303,4.606543141876477,50.0
2491,0.8591373289543459,4.284945874836325,50.0
2492,0.9932499888183044,4.098823980901624,50.0
2493,1.0458089215458077,3.9508022615838128,50.0
2494,0.8262396712780748,4.496043724792363,50.0
2495,0.9876920957951909,4.526540023225464,50.0
2496,1.1033298860980292,3.977101055011817,50.0
2497,0.9900572103897622,3.7852690366019637,50.0
2498,1.105047256287196,4.623898977884466,50.0
2499,0.999339164290369,4.372562806174395,50.0
2500,0.5256718327070733,4.558531959433329,51.0
2501,0.5608600095118351,4.197126700349475,51.0
2502,0.7002581222888847,4.129376889236169,51.0
2503,0.4951173449068693,4.166185754242802,51.0
2504,0.6158247414588865,4.316704024731507,51.0
2505,0.4840913937590385,4.357755105282304,51.0
2506,0.4939031009339135,4.120391896231813,51.0
2507,0.39116016403899556,4.382348376621808,51.0
2508,0.5623092890887269,4.264029697220319,51.0
2509,0.5131380477663364,4.426271110404897,51.0
2510,0.5918980864163541,4.180285519365719,51.0
2511,0.533596576878049,4.461723379347567,51.0
2512,0.5755644651866523,4.251359567046928,51.0
2513,0.6437150409122505,4.417457583741224,51.0
2514,0.5721867679062033,4.843650244226642,51.0
2515,0.5545466520248946,3.770378359730789,51.0
2516,0.6631627233959179,4.564774592764194,51.0
2517,0.42265689446330956,4.45083890861517,51.0
2518,0.6014751246129272,4.136606593542781,51.0
2519,0.5638624666129808,4.395314354320539,51.0
2520,0.5899210177876317,4.411039834854487,51.0
2521,0.5893563588782597,4.221621448007523,51.0
2522,0.5924842084214649,4.2328104126211334,51.0
2523,0.6085493226398224,4.065491789585707,51.0
2524,0.6004215007652273,4.3358789708387855,51.0
2525,0.5772626121736583,4.5773676113680795,51.0
2526,0.5906190442634769,4.227850645832875,51.0
2527,0.500907488322522,4.634107183760577,51.0
2528,0.5146808253418053,3.7957634465218293,51.0
2529,0.5943993414481069,4.3999648686969755,51.0
2530,0.5350764892865454,4.254770454698395,51.0
2531,0.5216614451457816,4.14056807867554,51.0
2532,0.5861144377401827,4.37629491869665,51.0
2533,0.5900107376264276,4.477842344037034,51.0
2534,0.6055191203158723,3.871991959439271,51.0
2535,0.6148363059697333,4.745943100552843,51.0
2536,0.5303719471014969,4.645428422727589,51.0
2537,0.48989663827607227,4.635594290015591,51.0
2538,0.5073031871643695,4.220739977591284,51.0
2539,0.5261558384317557,4.185530374692024,51.0
2540,0.6068478377018718,4.71427685236049,51.0
2541,0.6674057397242303,4.379494097905622,51.0
2542,0.5518506751668073,3.962382508750771,51.0
2543,0.5824185012010966,4.463071408741956,51.0
2544,0.5251783158319142,4.822907636210896,51.0
2545,0.5422633275888313,4.220495900301153,51.0
2546,0.6527372109317032,4.162499291210359,51.0
2547,0.5443134156190662,4.203831392504471,51.0
2548,0.5947826603925489,4.42047308253812,51.0
2549,0.5992347702396309,4.35466520690997,51.0
2550,2.3594101571682797,1.510171505620635,52.0
2551,2.0727960845143385,1.4935719594483727,52.0
2552,2.316281813262018,1.5187772202567642,52.0
2553,2.4667642407593493,1.6444230606035537,52.0
2554,2.046895156345505,1.4613927067828556,52.0
2555,2.107022316467383,1.650836407097885,52.0
2556,2.066046740377603,1.4505858790140425,52.0
2557,2.416784490522375,1.5450696715770427,52.0
2558,2.104347254124339,1.591304582757202,52.0
2559,2.068884121749177,1.4923211687216915,52.0
2560,2.416295107431093,1.5348924581069696,52.0
2561,2.1553484338637436,1.3362744049468769,52.0
2562,2.392305855672693,1.5277551420700366,52.0
2563,2.2849162947212363,1.5778413453911213,52.0
2564,2.398975604770053,1.5241392515233443,52.0
2565,2.380911249926139,1.4420510297318472,52.0
2566,2.011114983709199,1.6697230123073048,52.0
2567,2.2748182403032757,1.5292023786656554,52.0
2568,2.055950760034691,1.4594634607556087,52.0
2569,2.3406996562732933,1.3973619646659448,52.0
2570,2.1363720388313236,1.4927125060726338,52.0
2571,2.042198996615022,1.3902281765843447,52.0
2572,2.162995273600815,1.6298663570101852,52.0
2573,2.0183688812428784,1.5555212363278481,52.0
2574,2.013539944697558,1.494987645611113,52.0
2575,2.2272633181388066,1.4863098559102494,52.0
2576,2.0376512463480565,1.4698083929243229,52.0
2577,2.2877404603017437,1.7095787769434547,52.0
2578,2.136922936134649,1.3696366075318207,52.0
2579,2.1860920406648594,1.4768800452965807,52.0
2580,2.135186002027041,1.4139096757991012,52.0
2581,2.3659867910251253,1.5272601242159722,52.0
2582,1.9730114774632033,1.642145902863231,52.0
2583,2.273583569923211,1.50554492170057,52.0
2584,2.2486223704381194,1.5421277104759867,52.0
2585,2.2348923538142875,1.4636618604147955,52.0
2586,2.213017173455715,1.4998652636165921,52.0
2587,2.2557251627204815,1.5368714467938944,52.0
2588,2.0210279711501262,1.5538977312303501,52.0
2589,2.383523129383188,1.582313585797991,52.0
2590,2.0844106470454893,1.578741574405672,52.0
2591,1.9373606969359338,1.2971244464695273,52.0
2592,2.2279517886616387,1.530212111221644,52.0
2593,2.144335172337175,1.6326362955207772,52.0
2594,1.9965199320103346,1.4813100823744194,52.0
2595,2.360956621896386,1.6680324232620782,52.0
2596,2.256287375273258,1.437404805681493,52.0
2597,2.102986467715828,1.359029228398882,52.0
2598,2.392529207989299,1.3144374405181027,52.0
2599,2.0428697883212763,1.3916961385265592,52.0
2600,1.2141207042573217,3.670892157607833,53.0
2601,1.4188677768747615,3.724610176915161,53.0
2602,1.5145771515426751,3.4832261162195604,53.0
2603,1.5651857676950618,3.599167802314874,53.0
2604,1.354555639010945,4.163952648281652,53.0
2605,1.4891034606087623,3.4962763247094077,53.0
2606,1.3979300145932392,3.631575159830635,53.0
2607,1.4545575964756927,3.5093616340414906,53.0
2608,1.589549494547616,3.3981966119745546,53.0
2609,1.6299495635771282,3.4236716014065696,53.0
2610,1.553473506253305,4.1220086191025755,53.0
2611,1.5080768193726546,3.6474791814762226,53.0
2612,1.4679726152033052,3.604213331901472,53.0
2613,1.4720369917397569,3.784716516437643,53.0
2614,1.3209636912702614,3.4612024750301704,53.0
2615,1.2929912380388515,4.084994429136826,53.0
2616,1.5762181396285633,3.465948073671612,53.0
2617,1.4650607591730447,3.7363352947369917,53.0
2618,1.5810577690992078,3.632543421567532,53.0
2619,1.4108708742816052,3.4773606522201086,53.0
2620,1.5505962503236743,3.1986276029675618,53.0
2621,1.5563057156006763,3.551710006153342,53.0
2622,1.4530968337673427,3.610505388702697,53.0
2623,1.3685760867637824,3.540426119035092,53.0
2624,1.5168311049018075,3.906129873937645,53.0
2625,1.3678186709528628,3.6545199527454715,53.0
2626,1.3926414247554224,3.4316203240664898,53.0
2627,1.1828919404489984,3.021323500671519,53.0
2628,1.6931181835975257,3.6142631612841014,53.0
2629,1.4393215762878167,3.6172876711753363,53.0
2630,1.2144322174102842,4.1094443916218575,53.0
2631,1.3606482282973624,3.3960232255237948,53.0
2632,1.7109952439694434,2.9728536920625706,53.0
2633,1.5052679862545253,3.123901694031024,53.0
2634,1.218704714529636,3.9426249942254934,53.0
2635,1.2597559836198498,3.925360887986973,53.0
2636,1.5703723227820159,4.0417663128992,53.0
2637,1.3423447146554284,4.0270320956582575,53.0
2638,1.3450565886672246,3.6432234928326337,53.0
2639,1.696108021506854,3.5824393306444353,53.0
2640,1.5064739384706753,3.410436259596334,53.0
2641,1.4504050260772463,3.6954331399467186,53.0
2642,1.5344118486656413,3.4739896353139885,53.0
2643,1.7255866890733782,3.66575313727822,53.0
2644,1.403511441513852,3.8821167212477965,53.0
2645,1.3440529228792915,3.965019666828242,53.0
2646,1.383721872731512,3.6475681484581726,53.0
2647,1.456679635583294,3.364410495641699,53.0
2648,1.3804993383212918,3.9750893773148395,53.0
2649,1.3639731958121455,3.7472927619491228,53.0
2650,2.1464336619793563,2.776487652088964,54.0
2651,1.79769523810223,2.491650861626137,54.0
2652,1.8920925825602108,2.9010799773065155,54.0
2653,2.072315783465883,2.7308567096449456,54.0
2654,1.8753547979484306,2.3578416001153553,54.0
2655,1.99795541884142,2.9431661673156775,54.0
2656,1.9225246765065527,2.536147441662724,54.0
2657,2.1438974193521303,2.602055896817173,54.0
2658,2.088797181631722,2.5671080061106473,54.0
2659,2.062717509593825,2.407382418076657,54.0
2660,1.8814717747280687,2.741629538663757,54.0
2661,1.9107761297240444,3.003882333862277,54.0
2662,1.9638145466532595,2.838141508219995,54.0
2663,1.807724146833265,3.0408089155185656,54.0
2664,1.7993937258990793,2.8622639712783045,54.0
2665,2.205027185434967,3.165508816006176,54.0
2666,2.172185468124779,2.4277506317993676,54.0
2667,1.8839253819794164,2.787604969291398,54.0
2668,2.263382219821829,2.794910210308967,54.0
2669,2.02466734415315,2.9039017816021224,54.0
2670,2.128971793425966,2.4894608011633,54.0
2671,1.8828831372363508,2.7210390046025204,54.0
2672,1.9832887443143647,2.6154979396562172,54.0
2673,2.056892376510765,2.7428363134888714,54.0
2674,1.954691563326679,2.89159332237286,54.0
2675,1.8735703482464214,2.6852695995708418,54.0
2676,2.2140720674344436,2.4985420401623677,54.0
2677,1.8270292677507576,2.4184574475162988,54.0
2678,1.8477374378295015,2.6236362357096037,54.0
2679,1.8984360825673021,2.8149453273095792,54.0
2680,2.14394280068215,2.7970686784224683,54.0
2681,2.0382561003573265,2.688687697724538,54.0
2682,2.052630026700271,2.6846548031294644,54.0
2683,2.1249075260288204,2.514225636743734,54.0
2684,2.0892414293773953,2.6564735347881516,54.0
2685,1.7966016079439548,2.5450809027182495,54.0
2686,1.8927685885058678,2.9862453043179205,54.0
2687,1.9418537715308317,2.8548675743003122,54.0
2688,2.188565304725004,2.8936285769578207,54.0
2689,1.7932395253291182,2.796988580771665,54.0
2690,1.9225781038429262,2.9483555123880736,54.0
2691,1.8539806126925025,2.8608456633663,54.0
2692,1.9952365778131063,2.643642358378999,54.0
2693,2.1071431597372356,3.039310722928973,54.0
2694,2.1213944732743393,2.594284082703187,54.0
2695,2.065222972228082,2.518716603022453,54.0
2696,2.0284963744428066,2.639998491046833,54.0
2697,2.0804546605786833,2.684893794381815,54.0
2698,2.2130580557504245,2.9365832277089887,54.0
2699,2.101197640209735,2.807069914701687,54.0
2700,2.3695101199125843,0.9950755495086169,55.0
2701,2.042347420247657,1.0856393791969088,55.0
2702,2.02508222611733,1.2009249413854775,55.0
2703,2.0713655914208786,1.1011370765316986,55.0
2704,1.812175147396232,0.9651014816513858,55.0
2705,2.0348695653505255,1.0129275874932044,55.0
2706,1.8204771638032367,1.0806562805052067,55.0
2707,2.0709798096111482,1.0485825036991816,55.0
2708,1.9361165582056463,1.0578937801703843,55.0
2709,2.176188088579887,0.9975776602238273,55.0
2710,2.259663597883695,1.0392377010906633,55.0
2711,2.011267116836377,1.054028832204712,55.0
2712,1.8501387920541579,1.0795772204156628,55.0
2713,1.5816830165963514,0.9787652599219526,55.0
2714,2.041025600699863,1.0841826382023605,55.0
2715,1.916100018115884,1.0005825861313642,55.0
2716,2.2575319000699183,1.0722999526443584,55.0
2717,2.180868656245528,1.160167237814036,55.0
2718,2.17246421775488,1.185242639207757,55.0
2719,1.9299258265456816,1.0019838724164039,55.0
2720,2.002046614467642,1.107421571916242,55.0
2721,1.8481937392467191,0.9999963978648025,55.0
2722,2.0722945711005942,1.0931120109448522,55.0
2723,2.122208155673561,1.0029728852427986,55.0
2724,2.0964007542521554,1.024588337160828,55.0
2725,2.2516992028447937,1.0310507311086214,55.0
2726,2.218576875695387,0.9700572151355469,55.0
2727,1.7864904047576116,1.0448486122580078,55.0
2728,2.141476047562312,1.1226112093287852,55.0
2729,2.4267249762979346,1.0710008805832787,55.0
2730,2.0671901482653494,1.027016031958356,55.0
2731,2.024846485138144,1.0458064430276808,55.0
2732,1.8621450844911371,1.0489519979837196,55.0
2733,1.9433193145304495,1.069488280290735,55.0
2734,1.9538192057833916,1.0491111907534942,55.0
2735,2.0715170083995074,1.1020424381191831,55.0
2736,2.0898252837147124,1.0440028523611569,55.0
2737,1.891234511560664,1.1068576264225491,55.0
2738,2.036687467900067,1.0597106621128771,55.0
2739,2.010257209921706,1.0346139890514339,55.0
2740,1.9497231565617283,1.0430450177768231,55.0
2741,1.8636507098779769,0.9583719777625318,55.0
2742,2.2412784790051834,1.1161368128369065,55.0
2743,1.8848142273707915,1.0261058140689512,55.0
2744,2.2022980586288514,0.9379425693685127,55.0
2745,2.0740882321560954,1.0935432759177828,55.0
2746,2.1793398448352432,1.045863742007234,55.0
2747,1.919030525473994,1.0662534883079402,55.0
2748,1.9251931538843354,1.08846036493333,55.0
2749,1.9268170320843876,1.0153697253260232,55.0
2750,2.0022164145122163,1.5036137990596452,56.0
2751,1.440634712359277,1.458376417314096,56.0
2752,2.1583303804900167,1.437874774770917,56.0
2753,1.9350629612703392,1.656764316392025,56.0
2754,2.0311142462385825,1.3978962272496631,56.0
2755,2.135880529731307,1.6104074878400627,56.0
2756,1.8185819881482252,1.4743190633564678,56.0
2757,2.1254806232095254,1.6083692829217782,56.0
2758,2.0924661993578386,1.5173143607055837,56.0
2759,2.0083864286826074,1.362874667594885,56.0
2760,1.9646689284895427,1.700327732784113,56.0
2761,1.7469328692748844,1.500599765922406,56.0
2762,2.199812474815793,1.5468932900632835,56.0
2763,2.30187867665261,1.5346437768321375,56.0
2764,1.9355224296084863,1.5768083375616866,56.0
2765,1.767800981615376,1.618273084801788,56.0
2766,2.1225898292658205,1.5671087070215797,56.0
2767,2.1542932544603017,1.6973761584083384,56.0
2768,1.8596202868438345,1.4990361634275167,56.0
2769,1.7823256557480698,1.5520141772260225,56.0
2770,1.8610416175260769,1.640812271224343,56.0
2771,2.131586432431111,1.7849818800347075,56.0
2772,1.8834893374630306,1.5713713163709995,56.0
2773,1.9921717599598738,1.617739335786188,56.0
2774,2.1630129119176034,1.7674412479909525,56.0
2775,1.8341063501646593,1.6775843526693655,56.0
2776,1.7060566134151025,1.5395926758311667,56.0
2777,2.0263989535705007,1.5311124896655892,56.0
2778,2.2152364101998616,1.5353358529655041,56.0
2779,2.0826834159785848,1.5728059506079397,56.0
2780,2.202620549381972,1.6015043077602404,56.0
2781,2.0291163877783407,1.5910613335730854,56.0
2782,1.987902525434796,1.844855325812345,56.0
2783,2.156038778331465,1.7325638291854275,56.0
2784,2.245509537985523,1.350442687695601,56.0
2785,2.1635501240754325,1.5724812001940818,56.0
2786,2.024143821164151,1.6260893644437064,56.0
2787,1.9708112039492878,1.4710344458762106,56.0
2788,1.9569310949553271,1.6515592295018586,56.0
2789,1.858866918866242,1.5952831541461188,56.0
2790,2.0191796417107954,1.5502736958492411,56.0
2791,2.0765770766278346,1.595963639997525,56.0
2792,2.0719382732113636,1.7065759898737685,56.0
2793,2.0398191194024307,1.660797380595664,56.0
2794,2.1896986865208063,1.5526726110497768,56.0
2795,2.1074701005527112,1.6591116015104213,56.0
2796,2.2446422998222153,1.602611803012681,56.0
2797,1.8285266872675559,1.4673176360084088,56.0
2798,1.9919140524729324,1.5356667347262858,56.0
2799,2.1245281298784437,1.7213185455946043,56.0
2800,1.9086552655296243,0.5272479213077383,57.0
2801,1.9252896926690428,0.4329315377958915,57.0
2802,2.089836726236807,0.4170731534691187,57.0
2803,2.190468372306676,0.5036671548529342,57.0
2804,2.228660363852077,0.4930390108340913,57.0
2805,1.907136149252534,0.46956360517780477,57.0
2806,2.2219232441051098,0.4576562038196321,57.0
2807,2.227122604674383,0.46734148255938557,57.0
2808,2.1340637162063603,0.5047678351453659,57.0
2809,2.024889134691562,0.5014358880963002,57.0
2810,1.9795615759879799,0.48537813892992643,57.0
2811,1.9814813402937421,0.508026945564584,57.0
2812,2.217481825833402,0.5036874845467234,57.0
2813,2.1060387213243357,0.4778117051233435,57.0
2814,2.2628139038227912,0.4795627639294552,57.0
2815,2.031190168728307,0.46559411389835703,57.0
2816,1.88204307525443,0.5354489676833658,57.0
2817,1.9338136163697124,0.5326461007125265,57.0
2818,2.1612342136633216,0.4527084380822964,57.0
2819,2.1066173848753995,0.47631818313177526,57.0
2820,2.102958567669035,0.4432453016395952,57.0
2821,1.8608383868165543,0.4441974308823141,57.0
2822,1.850602432750677,0.5226314599923408,57.0
2823,1.7416594957587255,0.47851780071071176,57.0
2824,2.18257315242555,0.49190280010313725,57.0
2825,2.0425967067875797,0.4978625033285193,57.0
2826,2.0692345652882844,0.44493222377703734,57.0
2827,2.1544268024678312,0.5201813749275376,57.0
2828,2.045781432900899,0.4643791718704389,57.0
2829,2.240926252520434,0.5061228905735484,57.0
2830,1.9723190029219195,0.4408618278188102,57.0
2831,1.9777517818093377,0.4606609692560839,57.0
2832,1.9984453179899146,0.46877500901039637,57.0
2833,2.009102067243274,0.5191644253563992,57.0
2834,2.156882713064323,0.4988001954153869,57.0
2835,2.1518233844134844,0.508537343001265,57.0
2836,2.2641112169888657,0.5422757359090213,57.0
2837,2.294248910048266,0.5209794705225235,57.0
2838,1.9741782218653092,0.5204876362108797,57.0
2839,1.9365270272974433,0.5270118098220975,57.0
2840,1.9445110998509463,0.49892753665520867,57.0
2841,2.1142582517729385,0.55723423665119,57.0
2842,2.1072056801343924,0.4801698221063639,57.0
2843,2.0062064148765186,0.4773513198996209,57.0
2844,2.1089996218704665,0.4845497372361397,57.0
2845,2.1604601389937494,0.4954585420739954,57.0
2846,2.3065802783969858,0.5027134491865182,57.0
2847,2.2070003941984955,0.4618795090976014,57.0
2848,2.08315261720422,0.4650041446773962,57.0
2849,1.9809048222974828,0.49591002030455617,57.0
2850,2.1779335934940427,0.63999547898078,58.0
2851,2.116285103413461,0.690847660761106,58.0
2852,1.904615979737282,0.6296248317553845,58.0
2853,2.25864819383378,0.5648781461703785,58.0
2854,2.134309081215736,0.6054596968194932,58.0
2855,2.060087771574009,0.736021777854844,58.0
2856,2.0894077415716095,0.7074900999282213,58.0
2857,2.115872823266832,0.642177004056308,58.0
2858,2.116883358301904,0.6486379116490913,58.0
2859,2.3868151949866956,0.6658799210734909,58.0
2860,2.3350678025319285,0.6963195529205928,58.0
2861,2.026721861691831,0.6322387670740098,58.0
2862,2.131332268821036,0.6189032022741676,58.0
2863,2.1674500985981413,0.6754077930906753,58.0
2864,2.177996057666486,0.60857478588677,58.0
2865,2.1301269260125744,0.6307458633919578,58.0
2866,2.0116429491717716,0.6521285711092627,58.0
2867,2.2241675207403886,0.7234765330181548,58.0
2868,1.883849337331196,0.6163118511531586,58.0
2869,2.1055950561630112,0.6085571383318579,58.0
2870,2.159336765864485,0.6962474971188158,58.0
2871,1.8018319249324806,0.5566990613792282,58.0
2872,2.167366769527493,0.571889536782423,58.0
2873,1.8721070990153899,0.6449313064585755,58.0
2874,2.110304125166508,0.6587123204079283,58.0
2875,1.9292410799069715,0.6099131880765791,58.0
2876,1.9441109712322677,0.6506993004100081,58.0
2877,2.049088483272499,0.5442350668937823,58.0
2878,2.147451603552961,0.6681349339739178,58.0
2879,1.9340095067360537,0.6337523245349077,58.0
2880,1.8524718040326498,0.7210127174274259,58.0
2881,2.253459280863836,0.5885437221901721,58.0
2882,2.2840606660259497,0.6768861125290226,58.0
2883,2.2198368723323227,0.6220527133422532,58.0
2884,2.3429292269668673,0.7322051911107811,58.0
2885,2.117497554928869,0.6346939585242879,58.0
2886,1.95018120038783,0.7480203734328444,58.0
2887,1.959438184368687,0.6501456982458369,58.0
2888,2.3613214311700816,0.5865113720487549,58.0
2889,1.9142163602172604,0.6942051992228613,58.0
2890,2.087355910059414,0.6300745206969021,58.0
2891,2.167003330796033,0.7209450680916716,58.0
2892,2.116262310310993,0.6657951457710031,58.0
2893,2.2056386395288374,0.592731092883488,58.0
2894,2.289413396122071,0.6577131060425208,58.0
2895,1.9288801974762553,0.6764275697899179,58.0
2896,2.1750306732877966,0.6912011696533829,58.0
2897,2.232292988576649,0.6134230263816589,58.0
2898,2.158065928078728,0.6867858291616227,58.0
2899,2.2325948222288696,0.6677045180677414,58.0
2900,1.5601644620432384,2.7950787239726247,59.0
2901,1.7617214312498553,2.9203178073501204,59.0
2902,1.562496818832403,3.029027231748821,59.0
2903,1.7978358226001816,3.223429484249354,59.0
2904,1.6585195408921594,2.970099155289362,59.0
2905,1.8044260322610866,3.2023475008001583,59.0
2906,1.4258774178260332,2.766875552927057,59.0
2907,1.7537043716315008,2.924925463282081,59.0
2908,1.6878799816627545,2.866045323568471,59.0
2909,1.8965626146727113,2.799368976712002,59.0
2910,1.6237778610746878,2.949481993665456,59.0
2911,1.5652851866809194,3.199182110852999,59.0
2912,2.0204978499412674,2.796074992802769,59.0
2913,1.6391059637945147,2.9207821542350465,59.0
2914,1.5578742680608997,2.5939936772928074,59.0
2915,1.7338743255836613,2.7477583225924516,59.0
2916,1.4781743444331963,3.020734581315571,59.0
2917,1.8732072180639048,3.0540991639125075,59.0
2918,1.7610079371278187,3.1749696622853776,59.0
2919,1.592914390898504,2.8834143210419865,59.0
2920,1.3677986826710435,2.4809218761799303,59.0
2921,1.5838334067121769,3.2201848095259025,59.0
2922,1.7399151917723918,2.402479412708785,59.0
2923,1.492467431442634,2.943993481434248,59.0
2924,1.7674175963694887,2.9405118935266863,59.0
2925,1.4896954157285835,3.0559488804533386,59.0
2926,1.723405014426149,2.7025230110243235,59.0
2927,1.6103215389041672,2.893999262645419,59.0
2928,1.5800777561189565,3.0035880503040167,59.0
2929,1.5757455998551375,2.9479236581876034,59.0
2930,1.8534355203511883,2.4994698407220657,59.0
2931,1.7058077147003001,2.7830345439235926,59.0
2932,1.6423504095467105,2.89565227686571,59.0
2933,1.636054847946633,3.0258076142024595,59.0
2934,1.4646728488261,2.639826428120313,59.0
2935,1.874128379569927,2.6948213396615035,59.0
2936,1.6102862004855836,2.9828999288459612,59.0
2937,1.6903262650994402,3.2603970068378465,59.0
2938,1.7678812390334824,2.897165867634293,59.0
2939,1.7617449342705245,2.696571409154657,59.0
2940,1.6147181561351476,3.0897152139259254,59.0
2941,1.7488371598392303,2.9038159253572022,59.0
2942,1.7337998208481251,2.6100438716367305,59.0
2943,1.7301247242631999,2.9192530190437926,59.0
2944,1.620749026545858,3.1678148275385074,59.0
2945,1.92041375629306,2.865534197500907,59.0
2946,1.814993347843036,2.7204385791320274,59.0
2947,1.525064320760614,3.010268857635434,59.0
2948,1.657121545737908,3.0794451585021423,59.0
2949,1.4950464824948337,2.9422122080516764,59.0
2950,1.9780710772667962,2.0614795941926256,60.0
2951,2.0424522808154344,2.125250345444893,60.0
2952,1.9904200101469909,2.0777723966259245,60.0
2953,1.980071076618533,1.7204689364554882,60.0
2954,2.224162161163221,2.125116325551291,60.0
2955,1.9739412823964215,1.8055476356413878,60.0
2956,2.317302037322848,1.7341788831675564,60.0
2957,1.8018071165787723,1.7663684397147201,60.0
2958,1.7170258049107576,1.4124798268476977,60.0
2959,2.196195849034218,1.9597018818022047,60.0
2960,1.9504201324626518,1.927008481626199,60.0
2961,2.187281224248106,2.0489803763207552,60.0
2962,2.0820859736704187,2.020175451811812,60.0
2963,1.9628007990461573,1.7607057988884134,60.0
2964,1.8954068971404645,2.0432475537863732,60.0
2965,2.1900078719257414,2.146622588630094,60.0
2966,1.7958378806517337,1.853502080734517,60.0
2967,1.9360196913040923,1.8876320271063114,60.0
2968,1.9310664904090487,2.062870033946517,60.0
2969,2.050000352987672,1.8318876797586992,60.0
2970,1.9255511526748341,1.7912793803351201,60.0
2971,1.9594889246701508,2.0330806701256265,60.0
2972,1.902902769515618,2.0121494787006085,60.0
2973,1.6651319821134702,1.9128465048377694,60.0
2974,1.855933519754084,1.9222922200848995,60.0
2975,2.0345579195908337,1.810651068255939,60.0
2976,1.8211349744829775,1.9929941346297846,60.0
2977,1.918984355662924,1.8785124272252252,60.0
2978,2.0002595967156793,1.8260475822565787,60.0
2979,2.1006012578551703,1.9635199252006041,60.0
2980,1.8662853631284786,1.6995031256982986,60.0
2981,2.125108319927741,1.9775937101236536,60.0
2982,2.178083808115751,1.7382143402793617,60.0
2983,1.823316905654629,1.6689842393090708,60.0
2984,1.9300141731133378,1.6578048131641294,60.0
2985,2.27056431472514,1.7810427248713085,60.0
2986,2.1022477735367273,1.7442366125825863,60.0
2987,1.9485139207219988,1.9534535018930521,60.0
2988,1.7840063161088209,1.77311323832368,60.0
2989,1.9991808379896645,1.7077305417069941,60.0
2990,1.8212181529186828,1.9726630620314016,60.0
2991,2.2308137288288985,1.8576564685986166,60.0
2992,2.163099066007153,1.7684891402820047,60.0
2993,1.8658690734196026,1.8624154402965372,60.0
2994,1.9806408369573467,1.800287102077156,60.0
2995,2.137495415660949,1.6215413210245009,60.0
2996,1.890008447774378,2.2527043441225243,60.0
2997,1.9708450609537074,1.8311633161825485,60.0
2998,1.8438158160463902,1.9798906734532515,60.0
2999,2.082593690957928,1.8407375324190978,60.0
3000,1.74321483843681,2.7643618481389582,61.0
3001,1.8318545418386032,3.0913997482665128,61.0
3002,1.5631013085542673,2.7379301021500284,61.0
3003,1.609213704825326,3.243331091839793,61.0
3004,1.4590731053388581,2.994174015093132,61.0
3005,1.5734259434648028,3.261568290063167,61.0
3006,1.6118515438359635,3.1169372240752105,61.0
3007,1.5521667058337867,2.748535397890369,61.0
3008,1.4194339766080535,2.9731048494424854,61.0
3009,1.5122857029967471,2.7552067246599403,61.0
3010,1.9008618782601399,2.7672527520014567,61.0
3011,1.944773568514099,2.914295261694638,61.0
3012,1.7552413090192214,3.365736705394499,61.0
3013,1.7677376166108978,2.9394235315934063,61.0
3014,1.6304234259237627,2.7585083264431436,61.0
3015,1.655318084061339,2.8112569857801235,61.0
3016,1.600128185858581,2.92687846649504,61.0
3017,1.8016463762139363,2.9138687158968093,61.0
3018,1.5253460235120766,3.110707352139122,61.0
3019,1.7210746609132677,2.682954893332934,61.0
3020,1.521579677384801,2.9768845376136936,61.0
3021,1.4855201842004342,2.8761787908478444,61.0
3022,1.559934559856484,2.950385562732148,61.0
3023,1.6020788912033348,3.387818789425416,61.0
3024,1.5646129176968269,3.001742083859911,61.0
3025,1.4891080036498465,2.9678634968806765,61.0
3026,1.7864809512395607,3.165460840976481,61.0
3027,1.6386904238698563,2.8323289778069043,61.0
3028,1.5141331792500456,2.8381174722135447,61.0
3029,1.4167540364465292,3.024629476768447,61.0
3030,1.6858292711328018,3.3440785846485013,61.0
3031,1.6799474348814536,3.146016442722823,61.0
3032,1.4552779241627534,3.0314394228753576,61.0
3033,1.548730390455614,2.8938596757823896,61.0
3034,1.5390645898021942,2.983647118946293,61.0
3035,1.5733429243162516,2.914376500154179,61.0
3036,1.5242104238131895,3.234987020285303,61.0
3037,1.8316048950776034,2.6692803256407314,61.0
3038,1.515682439123413,2.7169877711779025,61.0
3039,1.575209586854305,3.172516149476739,61.0
3040,1.5666108711736,3.0114960973694833,61.0
3041,1.726734286202475,2.8633544091677177,61.0
3042,1.6894652273588011,2.5510595390745627,61.0
3043,1.646573368761813,2.84997416211732,61.0
3044,1.8480143848956567,2.6381130559714037,61.0
3045,1.6590646432723966,2.504029272104505,61.0
3046,1.8163084507878207,3.1533384250808587,61.0
3047,1.563517244805888,2.8723343852540966,61.0
3048,1.5937353723509338,3.4295211474555454,61.0
3049,1.3938253604970643,2.7072323736976327,61.0
3050,1.706606399954085,2.2574596797297084,62.0
3051,1.576535105692426,2.03863475504097,62.0
3052,1.9618132794171117,2.370748675479619,62.0
3053,1.7002185015428548,1.9926912821071503,62.0
3054,1.9884313001977232,1.908435439909342,62.0
3055,1.8204759149263396,2.1558769947257437,62.0
3056,1.8898776621473612,2.3948191570963786,62.0
3057,1.85064277822416,2.288294957863286,62.0
3058,1.9271838008155397,2.2432292997275116,62.0
3059,1.7201850905923488,2.2008170753502507,62.0
3060,1.8778769508232498,2.1086274674522767,62.0
3061,1.9462461644136781,2.2740921436658135,62.0
3062,1.8882333586972802,2.2018149903401603,62.0
3063,1.8281549911382966,2.054582079339058,62.0
3064,1.812204947006386,2.6136377692668193,62.0
3065,2.0345367686129907,2.2457710642285083,62.0
3066,1.7526788054474118,2.0932095579177283,62.0
3067,1.5891813656822293,2.1315296180563634,62.0
3068,1.7749248288551716,2.3413104102395743,62.0
3069,2.059651095452038,2.086172202004718,62.0
3070,1.7816078035557565,1.9667892290153617,62.0
3071,1.8144884643818076,2.3779180862596054,62.0
3072,1.8564032730027926,2.1993777461630217,62.0
3073,1.9826039715554153,2.0722735546337323,62.0
3074,2.2196248080380414,1.8092580578874453,62.0
3075,1.7674137283051414,2.135088263785811,62.0
3076,1.8890212102217658,2.036573367272395,62.0
3077,1.8075902983849435,2.121822416704616,62.0
3078,1.8775960972265247,2.2067424798231543,62.0
3079,1.857511244774365,2.083046067647639,62.0
3080,1.7386750738666075,2.0686770359702122,62.0
3081,1.6928470629924977,2.462182547156846,62.0
3082,1.800031186223419,1.8236175971270276,62.0
3083,2.017211393473735,2.249878010744791,62.0
3084,1.815895693703664,2.0948226323961876,62.0
3085,1.8051842548614925,2.1186216058105045,62.0
3086,1.4723216343140326,2.435831947044907,62.0
3087,2.103271442060032,2.093301170599012,62.0
3088,1.8966105345860411,2.1590405646469484,62.0
3089,1.6170840120018628,2.3382967092134948,62.0
3090,1.7395507999208455,2.068181892283166,62.0
3091,1.7723122624462089,2.100674631363895,62.0
3092,1.6082132695579656,1.9964468322480728,62.0
3093,1.750482111123029,2.1124138979208964,62.0
3094,2.1085164204545586,2.005130753335948,62.0
3095,1.834172264123143,2.218805954102175,62.0
3096,1.671948808340956,2.0140090390058445,62.0
3097,1.5912000200813188,2.2224319643135604,62.0
3098,1.512118410909782,2.1970815754798645,62.0
3099,2.0189283392103694,2.0655295696879588,62.0
3100,1.7541011178827612,2.4134049132284767,63.0
3101,1.5979032315331148,2.5988146643872043,63.0
3102,1.658933985967236,2.522381205612623,63.0
3103,1.5337634829943707,2.6010167340058916,63.0
3104,1.6725416233859864,3.1301144171069017,63.0
3105,1.7733319387838138,2.190484890180637,63.0
3106,1.3957807170996088,2.7706521039488594,63.0
3107,1.6098963259110388,2.945604707450762,63.0
3108,1.502305022569216,2.5502299550788368,63.0
3109,1.7381302818772093,2.2311888841622873,63.0
3110,1.7885265032163657,2.7192556067827316,63.0
3111,1.8892255851998954,2.8903007709190556,63.0
3112,2.013412043016471,2.628125205449439,63.0
3113,1.9822853810951435,2.538043328604669,63.0
3114,1.8209538615112253,3.149987857160256,63.0
3115,1.6248710468590808,2.4831782748748252,63.0
3116,1.553802439713387,2.9679798289699684,63.0
3117,1.8809111880574345,2.5898692757662016,63.0
3118,1.6860661988371766,2.4409313938439103,63.0
3119,1.5762113026468694,2.357620863513814,63.0
3120,1.68922047690164,2.724906174537751,63.0
3121,1.7100172153988842,2.9384613757572886,63.0
3122,1.5735607126860836,2.6070386120343487,63.0
3123,1.7308508531600268,2.582976586424537,63.0
3124,1.5730051472714262,2.667976092778211,63.0
3125,1.6582188984937918,2.894500151754804,63.0
3126,1.7983850466718339,2.598326889459258,63.0
3127,1.5500152867365735,2.6331649009624356,63.0
3128,1.6372777545848602,2.4526255491810494,63.0
3129,1.6059234614853133,2.774361394860123,63.0
3130,1.5862650205196904,2.8035705555606443,63.0
3131,1.6931223200059269,2.4198997308940453,63.0
3132,1.803706545520715,2.711013065713828,63.0
3133,1.318183333822621,2.481220127747851,63.0
3134,1.652388784336155,2.7474456855720946,63.0
3135,1.7697120022453217,2.3277583352873785,63.0
3136,1.5622772976802533,2.775914835423743,63.0
3137,1.6367617277522144,2.434170655783425,63.0
3138,1.6626174316061288,2.4025387949145887,63.0
3139,1.7976595046547494,2.775757256663391,63.0
3140,1.7199742857643308,2.7442889530271195,63.0
3141,1.770815423596878,2.3901078443017862,63.0
3142,1.5477542420073185,2.6338804347501243,63.0
3143,1.6137708681023524,2.721251014312058,63.0
3144,1.6566848628922888,2.4519131324057954,63.0
3145,1.4945172008854972,2.1375609175908394,63.0
3146,1.5604772066552794,2.6613328271891894,63.0
3147,1.627336132560402,2.6491449362979917,63.0
3148,1.5171346589977792,2.8968308448312223,63.0
3149,1.5309495597796743,2.6195547448185352,63.0
3150,1.7474556155204426,1.7148404276080202,64.0
3151,1.8449449711650567,1.8420451835963736,64.0
3152,1.8155504538225997,2.0922871944004724,64.0
3153,1.9906098127358671,1.8812246303971645,64.0
3154,1.9425651763207983,1.744911289294448,64.0
3155,1.546100175891145,2.0785100643788734,64.0
3156,1.862861599989446,2.0021655797056526,64.0
3157,1.937936017119122,2.024909207529543,64.0
3158,1.8777395473216183,1.933241650724975,64.0
3159,1.9914351350860544,2.0260043278406603,64.0
3160,1.977443442717509,2.0308160365016166,64.0
3161,1.6720313216375187,1.7100836174659824,64.0
3162,2.107980274839387,1.7472563795625404,64.0
3163,1.7995950180292057,1.9746658988183152,64.0
3164,1.7457510391772875,1.983642087366703,64.0
3165,2.0092676135250795,2.0291940282994694,64.0
3166,1.754347666335961,2.1653963896331256,64.0
3167,1.830784099049556,2.198427659358609,64.0
3168,1.9049757597465893,1.8522035449927563,64.0
3169,1.8528622969335555,2.338002773688517,64.0
3170,1.9723337254777717,1.9559905277580676,64.0
3171,2.145423375295882,1.9655372158964586,64.0
3172,1.9565678695451763,2.167970260458376,64.0
3173,1.6932622314364159,2.0992352064938995,64.0
3174,1.78825825862291,1.9309740959611164,64.0
3175,2.196712029139811,1.8005193677524955,64.0
3176,2.1981631960164876,2.0711974823279027,64.0
3177,2.0060924363175126,1.8890332979166873,64.0
3178,2.055143623816011,1.9734793388894734,64.0
3179,1.619351271825887,1.7210848111115626,64.0
3180,1.8011302802896867,1.6477277432635935,64.0
3181,1.7314612243924763,2.0031505542478887,64.0
3182,1.5345298764011022,2.0076394939186897,64.0
3183,1.7242884187411311,1.9329599972558678,64.0
3184,1.7532421563985154,1.8896420238243565,64.0
3185,1.9074638118982254,2.103126169092797,64.0
3186,1.9693021461807747,1.8180740476885826,64.0
3187,1.9510295506220494,1.7941927193982021,64.0
3188,1.8116866397191742,2.0525981259345616,64.0
3189,1.7819822848065434,2.1967114012195412,64.0
3190,1.917808401614534,1.7563303164679598,64.0
3191,2.1754553749431746,2.1622201774402257,64.0
3192,1.9223642294400594,1.9807556220048643,64.0
3193,1.9012659393553573,1.8009231103149912,64.0
3194,1.7827177979887465,1.9989320869824345,64.0
3195,1.9172297860976237,1.9888171039693805,64.0
3196,1.8079910896260463,2.173591207215468,64.0
3197,1.6309432930241519,2.0297782845394154,64.0
3198,1.8724396140773294,1.808622764751844,64.0
3199,2.003580887535788,1.959825270094774,64.0
3200,1.8927652456020132,1.8750502606025101,65.0
3201,1.9986984497363398,2.255719451697785,65.0
3202,1.9645076689478502,2.1370630673344286,65.0
3203,1.8370946244895894,2.0118626391574757,65.0
3204,1.6325383351352487,1.967066573487086,65.0
3205,1.9273879738927255,2.0341854740481655,65.0
3206,1.7160571704010503,2.0210702945485637,65.0
3207,1.9900527610617842,1.7302884594188135,65.0
3208,2.0427360528234693,1.9989074646788336,65.0
3209,1.7706117664998797,2.2331012714954457,65.0
3210,1.7252709685637189,2.0344307904242824,65.0
3211,1.7073467640282254,1.9363980027491048,65.0
3212,2.084615313279855,1.6612693202293198,65.0
3213,1.912312916554864,1.624683364658283,65.0
3214,2.3134984178132965,1.8525216723691358,65.0
3215,2.221822916474589,1.9905091576695602,65.0
3216,1.9112630241219353,1.7971163058800057,65.0
3217,1.9366799352297246,1.9953429235500733,65.0
3218,2.0153676610329234,2.0097751300598206,65.0
3219,1.8262789810614366,1.9850483998814932,65.0
3220,1.8381153849069791,1.671696497793238,65.0
3221,1.6414339101241964,2.0811078541731938,65.0
3222,1.7334546893225133,1.92683934901652,65.0
3223,1.897537137350436,1.9236974351452394,65.0
3224,1.962901236913769,1.8688167231647281,65.0
3225,1.83140056284283,2.10022150601973,65.0
3226,1.897264303560128,1.9144847894931234,65.0
3227,1.8588923212119857,2.039109906133972,65.0
3228,1.9544082889537755,1.8051602252466064,65.0
3229,2.01740283641604,1.9912260412749847,65.0
3230,1.8984614042438246,2.0287696013209264,65.0
3231,1.9556435804994092,2.026725460698215,65.0
3232,1.9838721383702234,1.9537996713166639,65.0
3233,1.972706084843334,2.0987675205565495,65.0
3234,1.5505573892368463,2.022279942883281,65.0
3235,2.157436270987302,2.0654543927670757,65.0
3236,1.959558305376021,1.8053480230357273,65.0
3237,1.8802261728751013,2.0369689758074947,65.0
3238,1.8540710184859848,1.7404552994985822,65.0
3239,1.7551821074059013,1.8938406887184378,65.0
3240,1.9855887042052767,1.6141405485981826,65.0
3241,1.8631160492228387,1.7384600559557781,65.0
3242,1.802279277821908,1.8193358100772332,65.0
3243,2.0480621555419836,1.9619168035084573,65.0
3244,1.887172287137178,2.0967562042406893,65.0
3245,1.9798021520023772,1.8019764338821116,65.0
3246,1.8377443365278856,1.8120677289041052,65.0
3247,1.9580177482283538,1.9676563240825624,65.0
3248,2.0268606447847706,1.8732710536591346,65.0
3249,1.9282810995522546,1.9032276964876056,65.0
3250,2.075496341152068,1.7356064464169003,66.0
3251,1.735343081453258,1.6154026832025545,66.0
3252,2.0263681438248056,1.8718586578965497,66.0
3253,2.1263926481509827,1.523571152005044,66.0
3254,1.6594329112498352,1.7373541157866281,66.0
3255,1.923256692292093,1.5582205673694085,66.0
3256,2.1195177714166062,1.7922571001694936,66.0
3257,1.9558710654596752,1.8876186213251915,66.0
3258,2.2100990709199992,1.6759521335313898,66.0
3259,2.057235599728993,1.582312431385462,66.0
3260,1.9950461941477078,1.8649857636737284,66.0
3261,1.9222496986638682,1.8932089397042213,66.0
3262,1.962896566065284,1.8433268164938204,66.0
3263,1.895522839739253,1.6675211074435203,66.0
3264,1.983673121679767,1.7326383663954776,66.0
3265,1.985737598809963,1.520192501830871,66.0
3266,1.9192619328742686,2.000660869045581,66.0
3267,1.743684148888135,1.8165772102919435,66.0
3268,2.311508245588322,1.6006792674893155,66.0
3269,2.0729242571794595,1.761029839795421,66.0
3270,1.8801752282428057,1.7599139358789453,66.0
3271,2.1249310655287736,1.6615499239364744,66.0
3272,1.9541899774047558,1.8776442206872619,66.0
3273,2.021621619426216,1.5598618092569252,66.0
3274,2.1618089480988356,1.5409040006822998,66.0
3275,2.1260169942941127,1.8025860458900167,66.0
3276,2.066802029507052,1.709967688678113,66.0
3277,2.0028368288038867,1.8178980089850119,66.0
3278,1.9946586130174468,1.5214535059227983,66.0
3279,2.1388228688041746,1.7127396474617278,66.0
3280,2.141132543081412,1.915448404035173,66.0
3281,1.9422043062541476,1.5794617549501686,66.0
3282,1.6393328119401815,1.54187492408884,66.0
3283,2.1135444384470756,1.919360673107937,66.0
3284,1.6500711378077852,1.689339497335915,66.0
3285,1.83839887253418,1.6697226577630315,66.0
3286,1.8473248931980137,1.7445813403054358,66.0
3287,1.9685090179551563,1.8325491736889035,66.0
3288,1.6489393728689996,1.5793232530256265,66.0
3289,2.073942276968105,1.5909165228839797,66.0
3290,1.9027816049742534,1.6582767323471694,66.0
3291,2.166563375650156,1.8637101427227976,66.0
3292,1.8684221346129568,1.614903420890409,66.0
3293,2.2628869133355627,1.6856294556278641,66.0
3294,1.8628491954990596,1.9162235825263016,66.0
3295,2.0615642081023346,1.815887352231597,66.0
3296,1.942093660859076,1.688145804173181,66.0
3297,1.955206711383085,1.7349662810294095,66.0
3298,2.19935726954023,1.6843626260388473,66.0
3299,2.0072389667020407,1.7391721508772087,66.0
3300,1.8011981684669265,2.7270103755515462,67.0
3301,1.6399936154681427,2.733852649888788,67.0
3302,1.644848583173978,2.7101584081618717,67.0
3303,1.7645605626125036,2.872144530906441,67.0
3304,1.6933872634403868,2.27025266773167,67.0
3305,1.5968405921752886,2.5294836962102543,67.0
3306,1.7155573025437931,2.5386305327124705,67.0
3307,1.6655771274635054,2.8303714033570233,67.0
3308,1.663199395966005,2.742408885801305,67.0
3309,1.497204749302933,2.53669541617447,67.0
3310,1.5924303464503669,2.311917977526561,67.0
3311,1.739226025817584,3.0006453115323,67.0
3312,1.8349934981830336,2.660961586275277,67.0
3313,1.6113121846292295,2.425838906811231,67.0
3314,1.7168657717571119,2.7626928791865404,67.0
3315,1.669433806762798,2.77753436902229,67.0
3316,1.735992624107228,2.6909838016613574,67.0
3317,1.4783363686099737,2.2892908948133286,67.0
3318,1.5970249563482024,2.817798619006946,67.0
3319,1.6117830483389466,2.4533154439202907,67.0
3320,1.6124981807192365,2.604109800419491,67.0
3321,1.593888319329501,2.8871585471106536,67.0
3322,1.7253511681587668,2.6145447246763793,67.0
3323,1.6764596722978897,2.8404202957541034,67.0
3324,1.5440965707091698,2.7888985448949515,67.0
3325,1.7417662316027938,2.6343366984665564,67.0
3326,1.7321995034932935,2.5726594926800996,67.0
3327,1.9052915722359942,2.546709022377066,67.0
3328,1.6028002494372848,2.5969995128609495,67.0
3329,1.652825988992879,2.641565854070867,67.0
3330,1.6867851623982582,2.720839446568766,67.0
3331,1.824981518978059,2.7765167931049777,67.0
3332,1.753115362429727,2.397087653710947,67.0
3333,1.4350351249665272,2.5637032292575883,67.0
3334,1.6197397695069788,2.9474735579071107,67.0
3335,1.83082566304116,2.8315943141857285,67.0
3336,1.8129766354717478,2.395233798948529,67.0
3337,1.845249380021832,2.274984193114953,67.0
3338,1.717295587556847,2.5229453743397916,67.0
3339,1.7616715565618757,2.8001127677850417,67.0
3340,1.7154186193113776,2.6998213249193124,67.0
3341,1.6746881270756546,2.978266041972557,67.0
3342,1.4831084559004502,2.5634756414312405,67.0
3343,1.5400112870640519,2.4816410026650937,67.0
3344,1.8607831218714876,2.6564263510350616,67.0
3345,1.3871002845999132,2.786641491528887,67.0
3346,1.7560434853921936,2.8982521259280567,67.0
3347,1.900767311378069,2.503246881687599,67.0
3348,1.7020549860096643,2.7112503554062366,67.0
3349,1.9837126802947274,2.5643109740081003,67.0
3350,1.6017598339320271,2.412602705319578,68.0
3351,1.4371779344842448,3.1986106985272973,68.0
3352,1.7856131086314526,2.842783140015566,68.0
3353,1.6588796864067246,2.5706484467027293,68.0
3354,1.7085329677026913,2.6902576758906998,68.0
3355,1.6384178089315706,2.646972138797461,68.0
3356,1.4853260941580095,2.8749456778655564,68.0
3357,1.5392815888260343,2.430204604029731,68.0
3358,1.5940560840590938,2.7262873531707146,68.0
3359,1.8739822053491586,2.7568768336413507,68.0
3360,1.6228300137368923,2.6140827020246427,68.0
3361,1.6197676169971307,2.621172108934384,68.0
3362,1.5427971691053708,2.6538699972548097,68.0
3363,1.7538221219550425,2.618222091727719,68.0
3364,1.5052268197039425,2.7451034254764073,68.0
3365,1.8514642742137406,3.0892506029409796,68.0
3366,1.6439303762006177,2.642438551556479,68.0
3367,1.7178585251181357,2.6529299228210164,68.0
3368,1.584270468162918,2.74027315014069,68.0
3369,1.7255940003423573,2.4451328268812125,68.0
3370,1.7074296552679082,2.612404743217244,68.0
3371,1.7174528567115086,2.6788614826194825,68.0
3372,1.4436960959148015,2.538399740703587,68.0
3373,1.4532151023740032,2.548430386146422,68.0
3374,1.6733298475407885,2.931099480897971,68.0
3375,1.8085054287235958,2.6399393905558584,68.0
3376,1.5561647108381225,2.411673940964217,68.0
3377,1.5780805604410004,2.847309993258203,68.0
3378,1.5873216290782004,2.7011148788349555,68.0
3379,1.7919005535990458,2.3380409665129025,68.0
3380,1.7440006179863654,2.6117530063107197,68.0
3381,1.5495868162383848,2.3077993141714344,68.0
3382,1.5178457110519128,2.8731117089920244,68.0
3383,1.7325754786625847,2.5744432664377683,68.0
3384,1.7707579796286044,2.3577735007391327,68.0
3385,2.0136925043809546,2.5216978936482315,68.0
3386,1.78300902006046,2.8966527768774015,68.0
3387,1.7537684261114799,2.5135242646542966,68.0
3388,1.734436095454654,2.9703172922701926,68.0
3389,1.7314086368456705,2.4136117593847795,68.0
3390,1.604796929258564,2.7724941847450437,68.0
3391,1.5587301189317602,2.5241751799833443,68.0
3392,1.695528270174641,2.5045451454131533,68.0
3393,1.5312451008953263,2.432486846857504,68.0
3394,1.754093731986145,2.790211343825498,68.0
3395,1.5403736298644064,2.748022410356974,68.0
3396,1.8008548454105424,2.778440034967673,68.0
3397,1.7597831443457121,2.429142812101925,68.0
3398,1.6675725386463174,2.499754723806847,68.0
3399,1.746752767291152,2.5617508249774312,68.0
3400,1.6094686193598509,2.2274537858089305,69.0
3401,1.9059544748171955,2.027596008931979,69.0
3402,1.8554442583355708,1.9157916731929272,69.0
3403,1.6541946112219743,1.8835119730804764,69.0
3404,1.977298778936513,1.9974749415825106,69.0
3405,2.162609750802583,1.7961317230711775,69.0
3406,1.6062892431616613,2.205850200551368,69.0
3407,1.8534238681990063,2.0113006052742413,69.0
3408,1.6410645267512634,1.9507484758492617,69.0
3409,1.7220813637561547,2.0577751559148525,69.0
3410,1.946539970788886,1.9617867495756012,69.0
3411,1.9552605053585999,2.2023870374646806,69.0
3412,1.9597206392978592,2.142606108539988,69.0
3413,2.1588811524572695,2.3156571274601694,69.0
3414,1.8736567544844462,2.295615757969194,69.0
3415,1.6620558250891357,2.1622678931082806,69.0
3416,1.7829206474173818,2.0091148449166174,69.0
3417,2.0565228935953908,2.0275378849752705,69.0
3418,2.012591859606292,2.1988745199880504,69.0
3419,1.938893695174145,2.109828297989278,69.0
3420,1.9407759176399928,2.129261119751789,69.0
3421,1.8724244667866574,1.9736358272278067,69.0
3422,1.7853319565062642,2.2588651953276644,69.0
3423,2.0335006963803095,2.0413374746966952,69.0
3424,1.979215503270126,2.05530550204334,69.0
3425,1.9565493683923598,2.078144289090714,69.0
3426,2.1473578652237046,2.2091505840279235,69.0
3427,1.9446285360091657,2.1982366743839274,69.0
3428,1.790731696295072,2.0616363935869866,69.0
3429,1.7815035871793448,1.8600482091656552,69.0
3430,1.9575296777141105,2.146603542772563,69.0
3431,2.0436201426714367,1.9801385838905785,69.0
3432,1.9641316096810433,2.0277010792939647,69.0
3433,1.8967392502707412,2.0665367837215176,69.0
3434,2.0177517986489564,2.03692276015666,69.0
3435,1.7081872434712955,1.9245033182457407,69.0
3436,1.835821198001121,2.350492200223341,69.0
3437,1.7779545088805762,2.0889335336185915,69.0
3438,1.8512488908858309,2.061756519160354,69.0
3439,1.9979884525949534,2.013277471408043,69.0
3440,2.163493409865337,2.18705250107113,69.0
3441,1.9286759988543627,2.077619674621066,69.0
3442,2.189422089771469,2.1325710499072996,69.0
3443,1.9325635938230374,2.0814496457975,69.0
3444,1.7885739345548939,2.34782323852516,69.0
3445,2.0750791219516915,2.0327247825176458,69.0
3446,1.886772525419319,1.9374898172173722,69.0
3447,1.759414624913404,2.0402628767306608,69.0
3448,1.8863419372648205,2.083674466151385,69.0
3449,1.7917719981331313,2.1948916119213986,69.0
3450,1.9263924311556972,2.3008625349515546,70.0
3451,2.0498877239751647,2.1613002928333676,70.0
3452,1.7787931736727782,2.060295115602409,70.0
3453,1.6869282436974358,2.0687726814060827,70.0
3454,1.579853600796559,1.9431086890096492,70.0
3455,2.147012553543359,2.0483675150107152,70.0
3456,1.8138677852956295,1.9134303849029617,70.0
3457,1.714118862630877,1.8010086489530468,70.0
3458,1.6346784375251473,2.2794210066785037,70.0
3459,1.9468362884371422,2.2416000486384027,70.0
3460,1.645604680700331,2.029643872076453,70.0
3461,1.9304512104811804,1.883020553844702,70.0
3462,2.0070014816986026,2.2383581891258086,70.0
3463,1.8329938329775282,2.2239483431151084,70.0
3464,2.069691846117149,2.166991892197211,70.0
3465,1.5767062706961623,2.218802845498017,70.0
3466,1.6582369834967388,1.8863543417676218,70.0
3467,1.8551593093294487,2.274182237698922,70.0
3468,1.8403432013384011,1.8154845029867042,70.0
3469,1.80566457073238,2.03211775576614,70.0
3470,1.9805369738990275,2.157123445373533,70.0
3471,1.7902990997575092,2.1159540183138503,70.0
3472,2.018163240853817,2.2112745805392584,70.0
3473,1.8410853777426486,1.9510172022862224,70.0
3474,1.9182805290555525,2.0494483286486624,70.0
3475,1.7331358645178077,2.335608426560134,70.0
3476,1.8383489027435236,1.9182112537365454,70.0
3477,2.0010726881883105,2.1060619878293467,70.0
3478,1.9131634605223837,2.068165836575704,70.0
3479,1.9946792015233208,2.1939571951402232,70.0
3480,1.7790450771069146,2.0468302870752315,70.0
3481,2.0180530693388925,2.0081654796702457,70.0
3482,2.170963324973627,2.25508010173965,70.0
3483,1.9081227062798287,2.015899068484177,70.0
3484,1.6480986777845996,2.008759997130065,70.0
3485,1.7497027249606925,1.927343702019989,70.0
3486,1.9463657962364718,2.4271744290863775,70.0
3487,1.8666640345611183,1.9047536650519525,70.0
3488,1.745103654475602,2.3265756963829207,70.0
3489,1.7869772836047695,1.9776629448467706,70.0
3490,1.824097880970818,2.094968410435093,70.0
3491,1.7283834488353558,2.1950603533490547,70.0
3492,2.1464190794650837,2.080710156565869,70.0
3493,1.8603274934850746,2.3036627856392897,70.0
3494,2.1291447418781484,1.8690466812583644,70.0
3495,2.0126250979617946,2.2574297156197645,70.0
3496,1.8584939900378536,1.9989593134179522,70.0
3497,1.8173323184761556,2.3718737891353783,70.0
3498,1.765229116079277,2.0508762783920518,70.0
3499,1.7884349937511963,2.342187691202986,70.0
3500,1.6437544415776673,2.7143633980415833,71.0
3501,1.6732504642967956,2.7900246095855694,71.0
3502,1.6311277033713836,3.023514516611798,71.0
3503,1.6140022792554023,2.8490333909549967,71.0
3504,1.425507198212103,2.7803359289835603,71.0
3505,1.5720539461604188,2.55702745570413,71.0
3506,1.735857218189359,2.671482329344588,71.0
3507,1.533931158510981,2.475693426925876,71.0
3508,1.7811656862315217,2.5743124223444642,71.0
3509,1.6836371335021945,2.6357705449724853,71.0
3510,1.7854684426986476,2.5529423859893585,71.0
3511,1.5023235878506218,2.512741008637408,71.0
3512,1.5928132579287748,2.487796839922137,71.0
3513,1.7145624532544446,2.4387473011214653,71.0
3514,1.540943856686389,2.4584999546677584,71.0
3515,1.634368929215302,2.615885374445104,71.0
3516,1.6612540690407278,2.5804562757165956,71.0
3517,1.6943391888142136,2.470391090136453,71.0
3518,1.5900922126528032,2.8188075498535805,71.0
3519,1.6873002918214606,2.7877562587859446,71.0
3520,1.5439657493933747,2.4036063232428853,71.0
3521,1.608987138470594,2.3327625006556625,71.0
3522,1.6629981223887937,2.6243077026559076,71.0
3523,1.6684860416654919,2.5877018031912677,71.0
3524,1.5323443306829174,2.9516556958388684,71.0
3525,1.6911942950979761,2.4180565641753966,71.0
3526,1.7420401188372903,2.575875679988724,71.0
3527,1.5863239761689412,2.460437725364434,71.0
3528,1.5588433672791984,2.6478587693929323,71.0
3529,1.3950767047560457,2.57072670809834,71.0
3530,1.5476611893361274,2.5970106964436144,71.0
3531,1.652000691877173,2.4507845133335997,71.0
3532,1.4989900839741863,2.7242283799775704,71.0
3533,1.6600246670922332,2.8338283865150116,71.0
3534,1.5212004681136815,2.78183397811684,71.0
3535,1.4463169140801388,2.8134637892978134,71.0
3536,1.580409980801153,2.4063953135179896,71.0
3537,1.5635863079323968,2.5284272931683796,71.0
3538,1.441119080156379,2.7502461472305857,71.0
3539,1.7881936841880588,2.4591744096945796,71.0
3540,1.6356648838461052,2.8516609943065236,71.0
3541,1.680737995404788,2.8621979641421333,71.0
3542,1.6876817393064962,2.5086450003147105,71.0
3543,1.5449241690836941,2.503694433894945,71.0
3544,1.583404974770175,2.65604546588664,71.0
3545,1.688486015630173,2.6045559197070474,71.0
3546,1.7425118971839182,2.9512310117203753,71.0
3547,1.6839433557144274,2.64268117999949,71.0
3548,1.6386095890363797,2.701195063781662,71.0
3549,1.7197353903176507,2.641575708845191,71.0
3550,1.8812720466987756,2.267547573919964,72.0
3551,1.7978123189490551,2.4746377423732993,72.0
3552,1.6179770920709196,2.2466824741265006,72.0
3553,1.9553497445504986,2.304895429651692,72.0
3554,1.9875910214947723,2.4972774961897843,72.0
3555,1.964803938421151,2.3543881946380383,72.0
3556,1.918736312121387,2.159343671548235,72.0
3557,1.8011828101157157,2.4737067986538697,72.0
3558,1.8350050809136127,2.3226124516029305,72.0
3559,2.051510792316081,2.692267094698252,72.0
3560,1.84094873810615,2.3652174369976033,72.0
3561,1.7167889779616345,2.4453453387278996,72.0
3562,1.7820193786220702,2.388308317612174,72.0
3563,1.7327363678252088,2.4940879401562683,72.0
3564,1.6926093948526635,2.337891463919195,72.0
3565,1.8132723228136753,2.4237143100417273,72.0
3566,1.8629153068600308,2.3669557431432624,72.0
3567,1.6134835048345435,2.4311898065817887,72.0
3568,1.6453859307446586,2.6313741282777916,72.0
3569,1.7036167463820648,2.3911171799780835,72.0
3570,1.841040579338582,2.5329759767303703,72.0
3571,1.842433003558524,2.1213037912285713,72.0
3572,1.521487618018194,2.285634129170968,72.0
3573,1.8422590560146397,2.417128984389581,72.0
3574,1.6869513889766157,2.4247915295057334,72.0
3575,1.8443531194432532,2.446894585382513,72.0
3576,1.8016105635960848,2.2467492088072625,72.0
3577,1.7965599664997638,2.293440505794545,72.0
3578,1.911623614849359,2.22335898943482,72.0
3579,1.698722361757911,2.3522496474026053,72.0
3580,2.0245054782975203,2.2427773044428907,72.0
3581,1.6705054760536908,2.45683027074279,72.0
3582,1.6943463830838532,2.187599989356151,72.0
3583,1.830391010841091,2.6160123189479125,72.0
3584,1.6832876622481352,2.198664752498724,72.0
3585,1.5763210055094554,2.405355767314493,72.0
3586,1.9027144305604322,2.082596036116589,72.0
3587,1.7971337183140499,2.3186855663766854,72.0
3588,1.9710385701142699,2.3222633887484214,72.0
3589,2.0400685563501817,2.4369567196770503,72.0
3590,1.642145292248336,2.379273136028384,72.0
3591,1.6256555559828687,2.43815126251623,72.0
3592,1.876207468748017,2.34104839219423,72.0
3593,1.7707530852414375,2.4450411466011386,72.0
3594,1.9646256944524738,2.3385146817946314,72.0
3595,1.8199491415036722,2.471429188962443,72.0
3596,1.9441760920309836,2.3443619950914574,72.0
3597,1.774825434720686,2.291356644739178,72.0
3598,1.6609481202205416,2.212740824863943,72.0
3599,1.927864999373972,2.284467404414743,72.0
3600,1.734876310889856,2.53033131636954,73.0
3601,1.7264518800912063,2.1946828506669487,73.0
3602,1.951687776829716,2.427360053685109,73.0
3603,1.8515570514613748,2.30224625519398,73.0
3604,1.4393064786474339,2.0855590629299954,73.0
3605,1.8927438908520455,2.238461928521302,73.0
3606,1.774762374389577,2.327458357024153,73.0
3607,1.8384082348120807,2.3640184062205427,73.0
3608,1.5018702123900065,2.2930182108749935,73.0
3609,1.4558793423581902,2.314706238658274,73.0
3610,1.650341548389359,2.3522476516737685,73.0
3611,2.083487485321165,2.247500001315268,73.0
3612,1.7257920763249799,2.6232261690871255,73.0
3613,1.8577788944404627,2.3980445580615264,73.0
3614,1.6754734497560009,2.458648484695357,73.0
3615,1.873315284760657,2.119315232318348,73.0
3616,1.7877083005905914,2.343847711339702,73.0
3617,1.7620104975373039,2.469661098758649,73.0
3618,1.7474589381584895,2.2665675381564956,73.0
3619,1.961789582075634,2.48831933413728,73.0
3620,1.6293107793099184,2.3191576227655717,73.0
3621,1.7282471207619658,2.4368441465043755,73.0
3622,1.540917278680221,2.162071547814483,73.0
3623,1.8867771641855882,2.212312219600475,73.0
3624,1.7705080229466543,2.420455183843765,73.0
3625,1.930971390748462,2.578855042315238,73.0
3626,1.8203144541688847,2.10117825988501,73.0
3627,1.6585772232958338,2.514555432965591,73.0
3628,1.7455230137975912,2.327396595528684,73.0
3629,1.6161397436142368,2.1192418298220854,73.0
3630,1.5942041205301165,2.185224166572045,73.0
3631,1.5374450532281192,2.281166417621772,73.0
3632,1.5375858888600833,2.6834756734416203,73.0
3633,1.7916728810420672,2.38858679968976,73.0
3634,1.4074193358504061,2.435891344435538,73.0
3635,1.7603114684729326,2.495054739209872,73.0
3636,1.7275562015661143,2.3900863424681162,73.0
3637,1.822082023154176,2.049011653438501,73.0
3638,1.8943152982811298,2.2054473310851472,73.0
3639,1.6963210123994197,2.473386585118613,73.0
3640,1.5186805402774193,2.164439096234835,73.0
3641,1.6205999624924985,2.297153879652621,73.0
3642,1.8620829469078226,2.0565376640736894,73.0
3643,1.7685416175617406,2.1624448287796727,73.0
3644,1.734975138381736,1.9678643846907022,73.0
3645,1.7847165683522077,2.2199720505627316,73.0
3646,1.676158979842639,2.329307585739454,73.0
3647,1.6552543223977592,2.2212713480568578,73.0
3648,1.5054497524557549,2.0993875138617253,73.0
3649,1.884816456925889,1.9284803564356376,73.0
3650,1.9457977140838607,1.6656755287120544,74.0
3651,2.126841210233628,1.5993645539906312,74.0
3652,1.9919750807941536,1.9001474994634886,74.0
3653,1.9534759186460295,1.8799811312835852,74.0
3654,1.6849800838258175,1.7216864124724212,74.0
3655,1.8852981830134208,1.692328227063705,74.0
3656,1.9665655099854347,2.0057267060171835,74.0
3657,1.9526437833563628,1.618670330253926,74.0
3658,2.047459568737765,1.9563840181110974,74.0
3659,2.1088311987435215,1.7211600323645864,74.0
3660,1.9587340618894646,1.9644097461915726,74.0
3661,1.681808036683731,1.8408016549126673,74.0
3662,2.3597685350469293,1.7938162158204136,74.0
3663,1.8112563454389712,1.7854896699030316,74.0
3664,2.1249459273864555,1.8595781159689082,74.0
3665,1.9164859636597253,1.8704094498090582,74.0
3666,1.9086823857012019,1.5353553189710223,74.0
3667,2.0091523599740553,2.1262836324157472,74.0
3668,1.9474299248985656,1.9110524439633978,74.0
3669,2.0183719646527636,1.9144552259312224,74.0
3670,2.009942689828546,1.8642953700998142,74.0
3671,2.0336033239613402,1.7917849840631688,74.0
3672,1.8420780330575237,1.8082953429070243,74.0
3673,1.8715819749063305,1.7585828719956966,74.0
3674,1.908956240021598,1.9237384237876034,74.0
3675,1.7571950425252079,1.9774142677139033,74.0
3676,2.0722024161734445,1.9100295163818586,74.0
3677,2.112651872240763,1.8074495382600144,74.0
3678,2.1506535137744587,1.9112567023318439,74.0
3679,1.7462073259827777,1.790052140017963,74.0
3680,2.1484771110554526,1.5975947045851309,74.0
3681,1.900223834532703,1.644844063629888,74.0
3682,1.9822930336346731,1.5690948448112678,74.0
3683,2.0239232151508233,1.9671808859868027,74.0
3684,1.9659030411596006,1.8619113198122497,74.0
3685,1.9478344908910052,1.915875146878728,74.0
3686,1.8846640880871128,1.891449398158908,74.0
3687,1.9828407735279356,1.6780194686951289,74.0
3688,2.0176081128137136,1.7596140154270767,74.0
3689,1.7455098110520662,1.7567789868188446,74.0
3690,1.768195836817756,1.7887581504543424,74.0
3691,2.2334228872546737,1.7279300089531866,74.0
3692,1.8262925894276745,1.894121570426101,74.0
3693,1.8804782375690101,1.8003671706878943,74.0
3694,2.0054995727351246,1.6090040233627254,74.0
3695,1.9545577437274786,2.0727871341765387,74.0
3696,2.083467174239737,1.6490495639652816,74.0
3697,1.9975066958861807,1.8650417348373218,74.0
3698,2.0033457777479176,1.7631554935682898,74.0
3699,2.014797980344256,1.6492215615149761,74.0
3700,1.8576479295455142,2.0841611692125674,75.0
3701,1.939254664434286,2.225099340921299,75.0
3702,1.6734514737378188,2.418180073187184,75.0
3703,1.84111633561561,2.153469874890644,75.0
3704,1.5907694717495489,2.238998957948605,75.0
3705,1.9583312344842019,2.3854203711772275,75.0
3706,1.9713847454025308,2.1911227208715798,75.0
3707,1.7173122840265327,2.2282167222882,75.0
3708,1.7050302957654202,1.9847272480095421,75.0
3709,1.8498444271161876,2.023162919044371,75.0
3710,1.8794044360696063,2.072145231960762,75.0
3711,1.6221345320966936,2.07223125855454,75.0
3712,1.7104035051138464,2.3702716231990077,75.0
3713,1.7560575851144344,2.161708503834428,75.0
3714,1.9709311725014982,2.3416115869329857,75.0
3715,1.6041226720725912,2.169182263434533,75.0
3716,1.9785110884235433,2.251115282413572,75.0
3717,1.715854393705169,2.046810630425606,75.0
3718,1.6435500720869254,2.1832069027739953,75.0
3719,1.7503599522053772,2.23805955176508,75.0
3720,1.8001111107072807,2.0595864760520604,75.0
3721,1.8678453189161843,2.058827474261513,75.0
3722,1.9845315352574429,2.0705602248725974,75.0
3723,1.4771655248055828,2.2968801921487976,75.0
3724,1.8267448367302381,2.2930886272302975,75.0
3725,2.020736077674396,2.029987836063182,75.0
3726,1.9993262382354386,2.0112475084801935,75.0
3727,2.1533281024508,2.0364078754019324,75.0
3728,1.667188799039368,2.1870223744132926,75.0
3729,1.9050836535430429,1.914017809682091,75.0
3730,1.6900481249158945,2.309119012600566,75.0
3731,1.781814103116655,2.18162748733034,75.0
3732,2.1147001654180886,2.2493116674440907,75.0
3733,1.8443911123254395,2.404216698831922,75.0
3734,1.6765911223562733,2.2070427749898816,75.0
3735,1.889185791616412,2.1781333836788312,75.0
3736,1.546916117386516,2.1843759473124464,75.0
3737,1.9155993848148438,2.1485141382644115,75.0
3738,1.830299073862427,2.2281831381404875,75.0
3739,1.6760422918344517,2.113925497085998,75.0
3740,1.8889789145209996,2.485043013570337,75.0
3741,1.7407938999126924,2.0651725037058775,75.0
3742,1.6570240722190877,1.9541007089227564,75.0
3743,1.8252392432367055,2.1612654926434662,75.0
3744,1.7444979627842365,2.2005795505747425,75.0
3745,1.9179282057431926,2.276232176522156,75.0
3746,1.8063236896620576,2.1605971772442376,75.0
3747,1.9821567167696952,2.553419918367599,75.0
3748,1.4839329970137722,2.413590495302212,75.0
3749,1.6333330200170828,1.861673574496973,75.0
3750,1.9075595742741853,1.6655935057250004,76.0
3751,1.7597727107354748,1.6549148617733058,76.0
3752,1.8833286649506111,1.7605021999296255,76.0
3753,1.9710689573503613,1.619384377001207,76.0
3754,1.8020986723677446,1.8610254105791215,76.0
3755,1.9532081125687182,1.7136662044554514,76.0
3756,1.7610573734615538,1.7812965650599935,76.0
3757,2.047984321754867,1.6823698542444205,76.0
3758,2.0339234446939303,1.693441020289334,76.0
3759,1.801657691671696,1.7685917433735212,76.0
3760,1.9141697204560095,1.6801279079219333,76.0
3761,2.0759942368869173,1.641289540849206,76.0
3762,1.6395977653849827,1.75004093554772,76.0
3763,1.984883073258749,1.4684566788371676,76.0
3764,1.899775269170325,1.603898820734165,76.0
3765,2.140629894020011,1.6597992252652498,76.0
3766,1.996478316854064,1.6883851145497182,76.0
3767,1.7532432865550358,1.4976175483495702,76.0
3768,1.98912332609601,1.6295899344028126,76.0
3769,1.908232789281615,1.615829741709383,76.0
3770,1.98032694551437,1.5583246266286856,76.0
3771,2.067003144851411,1.854234440319081,76.0
3772,1.6836867922653398,1.7372672161118359,76.0
3773,1.8332708413883778,1.6884681233167607,76.0
3774,2.070608236231374,1.5987930205258452,76.0
3775,1.969754595594014,1.8291557196171102,76.0
3776,2.1191974670504994,1.6618407854581163,76.0
3777,2.0027541825501936,1.5830543363274983,76.0
3778,1.5279449518139883,1.5454317315444572,76.0
3779,1.698466790597537,1.6213878490813756,76.0
3780,1.7294018441909405,1.7772109059934584,76.0
3781,2.0469377684130015,1.326106949897075,76.0
3782,1.8231874621960606,1.5893256348220772,76.0
3783,1.5982144647556207,1.3897398645390626,76.0
3784,1.911864935993501,1.4886546004077867,76.0
3785,1.8304887060670705,1.6045228859179803,76.0
3786,1.813011621760438,1.743829406483278,76.0
3787,1.8949449353273775,1.5179645007631266,76.0
3788,1.8107037748940125,1.6167567983907347,76.0
3789,2.0652199787019456,1.5013125092428878,76.0
3790,1.9194784900392408,1.3749612309525592,76.0
3791,2.1075902510314513,1.7664100737107682,76.0
3792,1.7879312169866426,1.3171807312633619,76.0
3793,1.9832604331425423,1.531880979565864,76.0
3794,1.5886366021870824,1.6889756946804535,76.0
3795,2.0045261751381345,1.5636445294133074,76.0
3796,1.9087821422733022,1.6970960501519414,76.0
3797,1.8776298369501534,1.3178362883772965,76.0
3798,2.084055956933323,1.8313394562355167,76.0
3799,1.969010422939005,1.511405494252656,76.0
3800,1.9983589855028745,1.83087710556496,77.0
3801,1.900162368671242,1.708756429903213,77.0
3802,2.1984265388085147,1.8239062570449038,77.0
3803,1.968522763424076,1.807357737867797,77.0
3804,2.095003287745556,2.012678653659914,77.0
3805,2.063592182501888,1.7629273070038614,77.0
3806,1.7816985664592329,1.683128192668456,77.0
3807,2.0082421768907635,1.652391577366975,77.0
3808,2.279485958535238,1.7156633351726291,77.0
3809,1.676848531573729,1.7710771896631858,77.0
3810,1.9595161950806685,1.9024134915196922,77.0
3811,2.0162856305026224,1.9853660202533572,77.0
3812,2.029851766523946,1.79306679841508,77.0
3813,1.8329363310399183,1.8887506973850718,77.0
3814,2.0609545261993167,1.977240235020048,77.0
3815,2.008608473541794,1.7821822556629483,77.0
3816,2.140869729932576,1.596542776129519,77.0
3817,2.1144287687199323,1.649077203163359,77.0
3818,1.9733185976246077,1.760704581298705,77.0
3819,1.8710438606792033,1.6887089433616937,77.0
3820,1.8435023643660993,1.7300218709836757,77.0
3821,1.7166327826983778,1.818622284282669,77.0
3822,1.9655883269062837,1.8435466915788283,77.0
3823,2.1274908051238133,1.7011294806436181,77.0
3824,2.2513485530447883,1.7828943479759678,77.0
3825,1.6918458889832237,1.7723196351859627,77.0
3826,1.866710001435419,1.7229650349711263,77.0
3827,2.0367356326534694,1.8973361939596827,77.0
3828,2.166694931474776,1.7468623782192,77.0
3829,1.824934426062468,1.4265955258123637,77.0
3830,1.8738892996443994,1.9321792226993464,77.0
3831,1.8938366710556005,1.7757768346053333,77.0
3832,2.2567239256036373,1.8142443172249227,77.0
3833,1.8504681136007122,1.7106383831345189,77.0
3834,2.1451144561297717,1.8819491576052862,77.0
3835,1.9894688121591981,1.9863691666040424,77.0
3836,1.9224246478130094,1.7988859467667118,77.0
3837,1.8672151967916775,1.6339365280540101,77.0
3838,2.0001451181461585,1.7366792520093879,77.0
3839,2.0541073568133523,1.7293129774479372,77.0
3840,1.9110197725048736,1.717235423623727,77.0
3841,1.9679659927335138,1.7633238439323116,77.0
3842,2.077070590857826,1.78079892346228,77.0
3843,1.9062902031113758,1.62716351084363,77.0
3844,1.8783221856119532,1.786672631441385,77.0
3845,2.112204021763596,1.9654160628120398,77.0
3846,1.962355803045384,1.649503353308182,77.0
3847,2.1618378529989486,1.696708274934751,77.0
3848,2.0001895077439333,1.689182499271215,77.0
3849,1.9845199336317076,1.7134137989487588,77.0
3850,2.0171834314750328,1.6550512247114033,78.0
3851,1.9385665184752998,1.7273384825010034,78.0
3852,1.9867336947653615,1.8918780615338413,78.0
3853,2.1253395231751635,1.7871505941392123,78.0
3854,2.1030548669819447,1.8938311173218267,78.0
3855,1.829051209663799,1.6196170207127434,78.0
3856,1.7101059447049263,1.6186640157593457,78.0
3857,1.8348055109852601,1.663601334066689,78.0
3858,2.141392306886233,1.8074321162004696,78.0
3859,2.1735727832929714,1.662776488605334,78.0
3860,1.7977298361222978,1.6720970415504455,78.0
3861,1.8400772188185863,1.9261968012309054,78.0
3862,2.005357084652476,1.7114984840279368,78.0
3863,1.8893185351686967,1.8199427093594132,78.0
3864,2.0140406009182823,1.5250536169839093,78.0
3865,2.0665486583875676,1.7602468236273983,78.0
3866,1.844776130045031,1.82111879180262,78.0
3867,1.9913530832878656,1.7554143290570834,78.0
3868,2.037050727021185,1.9635949618120503,78.0
3869,2.021006891822607,1.706423642970195,78.0
3870,2.0917745282728943,1.6137556327386713,78.0
3871,2.183922616314506,1.7204752147454132,78.0
3872,1.8039097876121433,1.7838597794631936,78.0
3873,2.13589567719814,1.5506786049075751,78.0
3874,2.3086325889325274,1.906520798933038,78.0
3875,1.8745244398730543,1.754010812063602,78.0
3876,2.001080446880965,1.622344442223362,78.0
3877,1.791545391777753,1.710576458120613,78.0
3878,1.976243077365547,1.8424397884113541,78.0
3879,2.0627484486128074,1.540928994603548,78.0
3880,2.1317696088295066,1.783455421428833,78.0
3881,1.882223777317372,1.6606025411601788,78.0
3882,2.17181274201444,1.5763214192689599,78.0
3883,2.1390429011499523,1.5574252002936713,78.0
3884,2.0934464158376693,1.8238460223433999,78.0
3885,1.9984476642728812,1.7150770838114784,78.0
3886,1.784767011170782,1.699270162693585,78.0
3887,2.2573225340614944,1.9703894383343235,78.0
3888,2.2594904672751652,1.6720142128119397,78.0
3889,2.2276956752412977,1.6847218023780248,78.0
3890,1.9914924564514385,1.6929035242275798,78.0
3891,1.9556477163375183,1.8114109569772288,78.0
3892,2.2379746155477163,1.746403063349519,78.0
3893,2.0132339392274443,1.7305723907638668,78.0
3894,2.2632507449333863,1.6502847885397192,78.0
3895,1.7567429817380913,1.8764812261279322,78.0
3896,1.8966319248770689,1.83570441397764,78.0
3897,1.8814040427470564,1.5825924395014446,78.0
3898,2.0255471925701656,1.8365008791130375,78.0
3899,2.1635025244978667,1.9324292147463935,78.0
3900,1.8513532619844602,1.6411560582542999,79.0
3901,1.833785529877803,1.9361991195075758,79.0
3902,2.168167884378703,1.6218940231183157,79.0
3903,1.7039515600807038,1.63319761794813,79.0
3904,2.273094967957237,1.7178589055195592,79.0
3905,1.6964251686929068,1.5994360622273451,79.0
3906,1.8522535051890612,1.8194697153796815,79.0
3907,1.9850034298580188,1.7621030320344673,79.0
3908,2.014732615567725,1.6540401312375983,79.0
3909,2.0872764606664593,1.8743950574388157,79.0
3910,1.9888216014322488,1.6172236008864282,79.0
3911,1.8652676769059608,1.6593576000741315,79.0
3912,2.1149427011767448,1.5421946894659777,79.0
3913,1.9371388846432016,1.7646424115460577,79.0
3914,1.9595889484460214,1.8972096816477881,79.0
3915,2.0960323608388647,1.7746630041929978,79.0
3916,2.0955500983598196,1.7286154888937755,79.0
3917,1.9404796419281738,1.7588234727974081,79.0
3918,2.118070388218871,1.8177809620565826,79.0
3919,1.9249341945892993,1.7625268654629802,79.0
3920,1.7411155885917717,1.6408696583412468,79.0
3921,1.9591627216562804,1.739742558713783,79.0
3922,1.8414470231561164,1.7203522349089537,79.0
3923,1.8399882740912423,1.9476218503551466,79.0
3924,2.276164299711504,1.8553416506686458,79.0
3925,2.045556120222641,1.979489362029343,79.0
3926,1.8407191826788067,1.7591786027774674,79.0
3927,1.8900583732839433,1.8710413731649729,79.0
3928,2.1511593519269736,1.7646305033697534,79.0
3929,2.141055944574886,1.758678152298057,79.0
3930,1.8314781759631156,1.6610257009530751,79.0
3931,1.8593273542269686,1.739052896531279,79.0
3932,1.8770672682274991,1.7162475992605883,79.0
3933,1.9227043019178396,1.7752032576293817,79.0
3934,1.9016440157948684,1.652604724747176,79.0
3935,1.6162613862675996,1.397670325853691,79.0
3936,1.9348575132369938,1.6124272022363637,79.0
3937,2.0914785810309993,1.7546484776023805,79.0
3938,1.7194869988792418,1.4629199857815376,79.0
3939,2.0141162113266318,1.6625469579758265,79.0
3940,2.0382076993970593,1.8586435739255462,79.0
3941,1.835448498819268,2.040915238894676,79.0
3942,1.9380468742873642,1.8656452718227847,79.0
3943,2.013028487306141,1.6591646698307223,79.0
3944,1.8929477328740447,1.8574910317835636,79.0
3945,1.8861052053546494,1.6407418426850127,79.0
3946,1.9328361046936495,1.7464735670333296,79.0
3947,1.8724634522945367,1.651981301374736,79.0
3948,2.1002960385362566,1.75691533612769,79.0
3949,1.9761448886690005,1.7126665279767455,79.0
3950,1.6352795532102813,2.2515250040478882,80.0
3951,1.3658640699064986,2.2572155105012204,80.0
3952,1.688332175528369,2.3173857491884426,80.0
3953,1.7603131831306384,2.5903793374649324,80.0
3954,1.794713740513045,2.416011117169827,80.0
3955,1.732101065004245,2.3686045136529463,80.0
3956,1.6867631043559774,2.547800985109323,80.0
3957,1.7121718843784481,2.238912312906754,80.0
3958,1.7529486547975317,2.5502473578134914,80.0
3959,1.8647306680737257,2.480221877565491,80.0
3960,1.7961676095790597,2.9002418708738604,80.0
3961,1.8294208049247023,2.5420040208800447,80.0
3962,1.7300611391724965,2.3574959288100965,80.0
3963,1.6974065080422884,2.3557367625956442,80.0
3964,1.6384809729165875,2.6407190453505263,80.0
3965,1.6932853134844623,2.2429601156803747,80.0
3966,1.7573008368439547,2.424366762450038,80.0
3967,1.948535396353426,2.417998541312418,80.0
3968,1.4959266252288619,2.419000100842542,80.0
3969,1.650678431263527,2.1176202935685837,80.0
3970,1.7085469669814068,2.39079373813942,80.0
3971,1.8312784549926044,2.2537776980126747,80.0
3972,1.6956201172716157,2.116593263786118,80.0
3973,1.7954967315400077,2.6140845262115233,80.0
3974,1.716493384624879,2.470485247673335,80.0
3975,1.9660863834116664,2.784450958621303,80.0
3976,1.6104887310338678,2.504949076173889,80.0
3977,1.6247083926075625,2.5315550873678037,80.0
3978,1.802804180000704,2.0955756496406748,80.0
3979,1.5433131877315929,2.452907339967116,80.0
3980,1.5042906562066265,2.3180372380866445,80.0
3981,1.722516501274631,2.4942954713911427,80.0
3982,1.8217824777658962,2.3663899057268054,80.0
3983,1.7816948218744955,2.373483862310367,80.0
3984,1.923083912579133,2.508408063173531,80.0
3985,1.6701084808565765,2.4384323987864303,80.0
3986,1.710778698038991,2.313181727066232,80.0
3987,1.6964011918255129,2.221878906963539,80.0
3988,1.7751389226055792,2.3225066713359306,80.0
3989,1.8867889743434452,2.676763243602696,80.0
3990,1.6876109791585774,2.60050100266704,80.0
3991,2.067050440909214,2.6269121030967963,80.0
3992,1.8800684082230092,2.6215460000505817,80.0
3993,1.9798823702923711,2.1505736742301105,80.0
3994,1.7763667438554598,2.3093473236842406,80.0
3995,1.882521593155792,2.6597537535849978,80.0
3996,1.8233815050206645,2.4958920833323126,80.0
3997,1.505424523216187,2.3303894243046703,80.0
3998,1.678846572562949,2.234159534361438,80.0
3999,1.7462573792455602,2.784245205933116,80.0
